0 0.0751953125 0.3489583333333333 0.0732421875 0.3463541666666667 0.0478515625 0.3463541666666667 0.046875 0.34765625 0.046875 0.35546875 0.0537109375 0.3619791666666667 0.0693359375 0.3619791666666667 0.0712890625 0.3645833333333333 0.0830078125 0.3645833333333333 0.083984375 0.36328125 0.0859375 0.3606770833333333 0.0859375 0.3528645833333333 0.0830078125 0.3489583333333333 0.0751953125 0.3489583333333333
0 0.173828125 0.3684895833333333 0.177734375 0.36328125 0.177734375 0.35546875 0.1748046875 0.3515625 0.1669921875 0.3515625 0.162109375 0.3580729166666667 0.162109375 0.3606770833333333 0.154296875 0.3736979166666667 0.154296875 0.3841145833333333 0.1572265625 0.3880208333333333 0.1630859375 0.3880208333333333 0.1640625 0.38671875 0.169921875 0.37890625 0.169921875 0.3763020833333333 0.173828125 0.37109375 0.173828125 0.3684895833333333
0 0.0869140625 0.5104166666666666 0.0888671875 0.5104166666666666 0.0947265625 0.5026041666666666 0.0966796875 0.5026041666666666 0.103515625 0.4934895833333333 0.1015625 0.4856770833333333 0.0986328125 0.4817708333333333 0.0927734375 0.4817708333333333 0.0908203125 0.484375 0.0888671875 0.484375 0.0849609375 0.4895833333333333 0.0830078125 0.4895833333333333 0.0771484375 0.4973958333333333 0.0751953125 0.4973958333333333 0.0693359375 0.5052083333333334 0.0673828125 0.5052083333333334 0.0634765625 0.5104166666666666 0.060546875 0.51171875 0.060546875 0.51953125 0.0634765625 0.5260416666666666 0.0712890625 0.5260416666666666 0.072265625 0.5247395833333334 0.0751953125 0.5234375 0.0791015625 0.5182291666666666 0.0810546875 0.5182291666666666 0.0869140625 0.5104166666666666
0 0.1533203125 0.5859375 0.1474609375 0.5807291666666666 0.1416015625 0.5807291666666666 0.1396484375 0.578125 0.1357421875 0.578125 0.1337890625 0.5755208333333334 0.1279296875 0.5755208333333334 0.1259765625 0.5729166666666666 0.1201171875 0.5729166666666666 0.115234375 0.5794270833333334 0.115234375 0.5846354166666666 0.1201171875 0.59375 0.1240234375 0.59375 0.1259765625 0.5963541666666666 0.1298828125 0.5963541666666666 0.1318359375 0.5989583333333334 0.1357421875 0.5989583333333334 0.1376953125 0.6015625 0.1416015625 0.6015625 0.1435546875 0.6041666666666666 0.1474609375 0.6041666666666666 0.1494140625 0.6067708333333334 0.1533203125 0.6067708333333334 0.1552734375 0.609375 0.158203125 0.6080729166666666 0.1640625 0.6002604166666666 0.1640625 0.5924479166666666 0.1591796875 0.5859375 0.1533203125 0.5859375
0 0.306640625 0.5611979166666666 0.306640625 0.54296875 0.3037109375 0.5390625 0.2978515625 0.5390625 0.294921875 0.54296875 0.294921875 0.5481770833333334 0.29296875 0.55078125 0.29296875 0.55859375 0.291015625 0.5611979166666666 0.291015625 0.5690104166666666 0.2890625 0.5716145833333334 0.2890625 0.5872395833333334 0.2919921875 0.59375 0.3017578125 0.59375 0.302734375 0.5924479166666666 0.302734375 0.5794270833333334 0.3046875 0.5768229166666666 0.3046875 0.5638020833333334 0.306640625 0.5611979166666666
0 0.3388671875 0.5026041666666666 0.3408203125 0.5 0.3505859375 0.5 0.353515625 0.49609375 0.353515625 0.4830729166666667 0.3525390625 0.4817708333333333 0.3388671875 0.4817708333333333 0.3369140625 0.484375 0.3251953125 0.484375 0.3232421875 0.4869791666666667 0.3115234375 0.4869791666666667 0.30859375 0.4908854166666667 0.30859375 0.5013020833333334 0.3115234375 0.5078125 0.314453125 0.5065104166666666 0.3154296875 0.5052083333333334 0.3251953125 0.5052083333333334 0.3271484375 0.5026041666666666 0.3388671875 0.5026041666666666
0 0.3583984375 0.4453125 0.3564453125 0.4427083333333333 0.3525390625 0.4427083333333333 0.3505859375 0.4401041666666667 0.3466796875 0.4401041666666667 0.3447265625 0.4375 0.3408203125 0.4375 0.3388671875 0.4348958333333333 0.3349609375 0.4348958333333333 0.3330078125 0.4322916666666667 0.3310546875 0.4322916666666667 0.326171875 0.4361979166666667 0.326171875 0.44921875 0.3271484375 0.4505208333333333 0.3310546875 0.4505208333333333 0.3330078125 0.453125 0.3369140625 0.453125 0.3388671875 0.4557291666666667 0.3427734375 0.4557291666666667 0.3447265625 0.4583333333333333 0.3486328125 0.4583333333333333 0.3505859375 0.4609375 0.3544921875 0.4609375 0.3564453125 0.4635416666666667 0.3603515625 0.4635416666666667 0.361328125 0.4622395833333333 0.365234375 0.4596354166666667 0.365234375 0.44921875 0.3623046875 0.4453125 0.3583984375 0.4453125
0 0.3291015625 0.3880208333333333 0.330078125 0.38671875 0.330078125 0.3736979166666667 0.3291015625 0.3723958333333333 0.3134765625 0.3723958333333333 0.3115234375 0.375 0.2958984375 0.375 0.291015625 0.37890625 0.291015625 0.3893229166666667 0.2939453125 0.3932291666666667 0.2978515625 0.3932291666666667 0.298828125 0.3919270833333333 0.2998046875 0.390625 0.3134765625 0.390625 0.3154296875 0.3880208333333333 0.3291015625 0.3880208333333333
0 0.4091796875 0.3229166666666667 0.408203125 0.32421875 0.408203125 0.3346354166666667 0.4150390625 0.34375 0.4169921875 0.34375 0.4248046875 0.3541666666666667 0.4287109375 0.3541666666666667 0.4296875 0.3528645833333333 0.431640625 0.3502604166666667 0.431640625 0.3424479166666667 0.4169921875 0.3229166666666667 0.4091796875 0.3229166666666667
0 0.447265625 0.4153645833333333 0.443359375 0.41015625 0.443359375 0.4075520833333333 0.4365234375 0.3984375 0.4306640625 0.3984375 0.427734375 0.40234375 0.427734375 0.4127604166666667 0.431640625 0.41796875 0.431640625 0.4205729166666667 0.439453125 0.4309895833333333 0.439453125 0.43359375 0.4443359375 0.4375 0.4453125 0.4361979166666667 0.451171875 0.43359375 0.451171875 0.4231770833333333 0.447265625 0.41796875 0.447265625 0.4153645833333333
0 0.5888671875 0.4375 0.587890625 0.4388020833333333 0.587890625 0.4518229166666667 0.5908203125 0.4557291666666667 0.6279296875 0.4557291666666667 0.62890625 0.4544270833333333 0.630859375 0.4518229166666667 0.630859375 0.44140625 0.6279296875 0.4375 0.5888671875 0.4375
0 0.6142578125 0.3984375 0.6171875 0.39453125 0.6171875 0.3841145833333333 0.6142578125 0.3802083333333333 0.6083984375 0.3802083333333333 0.6064453125 0.3828125 0.5927734375 0.3828125 0.5908203125 0.3854166666666667 0.5810546875 0.3854166666666667 0.578125 0.3919270833333333 0.578125 0.3971354166666667 0.5830078125 0.4036458333333333 0.5869140625 0.4036458333333333 0.587890625 0.40234375 0.5888671875 0.4010416666666667 0.6005859375 0.4010416666666667 0.6025390625 0.3984375 0.6142578125 0.3984375
0 0.63671875 0.3033854166666667 0.6279296875 0.2916666666666667 0.6220703125 0.2916666666666667 0.619140625 0.2955729166666667 0.619140625 0.30078125 0.62109375 0.3033854166666667 0.62109375 0.3059895833333333 0.6318359375 0.3203125 0.6337890625 0.3203125 0.6357421875 0.3229166666666667 0.63671875 0.3216145833333333 0.640625 0.3190104166666667 0.640625 0.3111979166666667 0.63671875 0.3059895833333333 0.63671875 0.3033854166666667
0 0.81640625 0.2903645833333333 0.8125 0.28515625 0.8125 0.2825520833333333 0.8076171875 0.2760416666666667 0.8017578125 0.2760416666666667 0.798828125 0.2825520833333333 0.798828125 0.2877604166666667 0.8046875 0.2955729166666667 0.806640625 0.3033854166666667 0.8076171875 0.3046875 0.8154296875 0.3046875 0.81640625 0.3033854166666667 0.818359375 0.30078125 0.818359375 0.2955729166666667 0.81640625 0.29296875 0.81640625 0.2903645833333333
0 0.8271484375 0.375 0.833984375 0.3684895833333333 0.833984375 0.36328125 0.8291015625 0.3567708333333333 0.8251953125 0.3567708333333333 0.8232421875 0.359375 0.8173828125 0.359375 0.8154296875 0.3619791666666667 0.8095703125 0.3619791666666667 0.8076171875 0.3645833333333333 0.8037109375 0.3645833333333333 0.8017578125 0.3671875 0.7998046875 0.3671875 0.796875 0.3736979166666667 0.796875 0.3763020833333333 0.7998046875 0.3802083333333333 0.8095703125 0.3802083333333333 0.810546875 0.37890625 0.8115234375 0.3776041666666667 0.8193359375 0.3776041666666667 0.8212890625 0.375 0.8271484375 0.375
0 0.7841796875 0.3958333333333333 0.7822265625 0.3958333333333333 0.7802734375 0.3932291666666667 0.7763671875 0.3932291666666667 0.7744140625 0.390625 0.7705078125 0.390625 0.7685546875 0.3880208333333333 0.7646484375 0.3880208333333333 0.7587890625 0.3828125 0.7509765625 0.3828125 0.74609375 0.3919270833333333 0.74609375 0.39453125 0.7490234375 0.3984375 0.7529296875 0.3984375 0.7548828125 0.4010416666666667 0.7587890625 0.4010416666666667 0.7607421875 0.4036458333333333 0.7646484375 0.4036458333333333 0.7666015625 0.40625 0.7705078125 0.40625 0.7724609375 0.4088541666666667 0.7763671875 0.4088541666666667 0.7783203125 0.4114583333333333 0.7841796875 0.4114583333333333 0.78515625 0.41015625 0.78515625 0.4075520833333333 0.787109375 0.4049479166666667 0.787109375 0.3997395833333333 0.7841796875 0.3958333333333333
0 0.734375 0.4388020833333333 0.728515625 0.4309895833333333 0.728515625 0.4283854166666667 0.7216796875 0.4166666666666667 0.7138671875 0.4166666666666667 0.712890625 0.41796875 0.712890625 0.4309895833333333 0.71484375 0.43359375 0.71484375 0.4361979166666667 0.71875 0.44140625 0.720703125 0.44921875 0.7275390625 0.4583333333333333 0.7333984375 0.4583333333333333 0.734375 0.45703125 0.736328125 0.4544270833333333 0.736328125 0.4440104166666667 0.734375 0.44140625 0.734375 0.4388020833333333
0 0.9521484375 0.4921875 0.9482421875 0.4869791666666667 0.9404296875 0.4869791666666667 0.9384765625 0.484375 0.9345703125 0.484375 0.9326171875 0.4817708333333333 0.9267578125 0.4817708333333333 0.9248046875 0.4791666666666667 0.9208984375 0.4791666666666667 0.9189453125 0.4765625 0.9150390625 0.4765625 0.9130859375 0.4739583333333333 0.9111328125 0.4739583333333333 0.90625 0.48046875 0.90625 0.4830729166666667 0.904296875 0.4856770833333333 0.904296875 0.4908854166666667 0.9052734375 0.4921875 0.9111328125 0.4921875 0.9130859375 0.4947916666666667 0.9169921875 0.4947916666666667 0.9189453125 0.4973958333333333 0.9228515625 0.4973958333333333 0.9248046875 0.5 0.9287109375 0.5 0.9306640625 0.5026041666666666 0.9345703125 0.5026041666666666 0.9365234375 0.5052083333333334 0.9404296875 0.5052083333333334 0.9423828125 0.5078125 0.9501953125 0.5078125 0.951171875 0.5065104166666666 0.951171875 0.50390625 0.955078125 0.4986979166666667 0.955078125 0.4934895833333333 0.9521484375 0.4921875
0 0.9482421875 0.4609375 0.9443359375 0.4557291666666667 0.9423828125 0.4557291666666667 0.9404296875 0.453125 0.9345703125 0.4557291666666667 0.931640625 0.4596354166666667 0.931640625 0.4674479166666667 0.9345703125 0.4713541666666667 0.9365234375 0.4713541666666667 0.9501953125 0.4895833333333333 0.9521484375 0.4895833333333333 0.9580078125 0.4973958333333333 0.9658203125 0.4973958333333333 0.966796875 0.49609375 0.966796875 0.4934895833333333 0.970703125 0.48828125 0.9501953125 0.4609375 0.9482421875 0.4609375