0 0.361328125 0.20442708333333334 0.3564453125 0.1953125 0.3408203125 0.1953125 0.3388671875 0.19270833333333334 0.333984375 0.19661458333333334 0.333984375 0.23567708333333334 0.33203125 0.23828125 0.33203125 0.3294270833333333 0.3388671875 0.3359375 0.3564453125 0.3359375 0.357421875 0.3346354166666667 0.359375 0.33203125 0.359375 0.23567708333333334 0.361328125 0.23307291666666666 0.361328125 0.20442708333333334
0 0.42578125 0.19401041666666666 0.42578125 0.33203125 0.4306640625 0.3359375 0.4482421875 0.3359375 0.44921875 0.3346354166666667 0.44921875 0.19661458333333334 0.4462890625 0.19270833333333334 0.4267578125 0.19270833333333334 0.42578125 0.19401041666666666
0 0.52734375 0.2565104166666667 0.529296875 0.25390625 0.529296875 0.22526041666666666 0.53125 0.22265625 0.53125 0.18880208333333334 0.5283203125 0.18489583333333334 0.5087890625 0.18489583333333334 0.5078125 0.18619791666666666 0.5078125 0.19921875 0.505859375 0.20182291666666666 0.505859375 0.23046875 0.50390625 0.23307291666666666 0.50390625 0.26953125 0.501953125 0.2721354166666667 0.501953125 0.31640625 0.5 0.3190104166666667 0.5029296875 0.3255208333333333 0.5224609375 0.3255208333333333 0.5234375 0.32421875 0.525390625 0.3216145833333333 0.525390625 0.2981770833333333 0.52734375 0.2955729166666667 0.52734375 0.2565104166666667
0 0.5986328125 0.1875 0.59765625 0.18880208333333334 0.59765625 0.19661458333333334 0.595703125 0.19921875 0.595703125 0.32421875 0.5986328125 0.328125 0.6181640625 0.328125 0.619140625 0.3268229166666667 0.623046875 0.3216145833333333 0.623046875 0.19140625 0.6201171875 0.1875 0.5986328125 0.1875
0 0.69921875 0.21484375 0.69921875 0.19140625 0.6982421875 0.19010416666666666 0.6787109375 0.19010416666666666 0.673828125 0.19661458333333334 0.673828125 0.19921875 0.671875 0.20182291666666666 0.671875 0.3268229166666667 0.6748046875 0.3307291666666667 0.6826171875 0.3307291666666667 0.6845703125 0.3333333333333333 0.6943359375 0.3333333333333333 0.6953125 0.33203125 0.6982421875 0.3307291666666667 0.701171875 0.3268229166666667 0.701171875 0.21744791666666666 0.69921875 0.21484375
0 0.26953125 0.4908854166666667 0.26953125 0.44921875 0.271484375 0.4466145833333333 0.271484375 0.4231770833333333 0.2685546875 0.4192708333333333 0.2529296875 0.4192708333333333 0.2509765625 0.4166666666666667 0.2431640625 0.4166666666666667 0.240234375 0.4205729166666667 0.240234375 0.4544270833333333 0.23828125 0.45703125 0.23828125 0.5013020833333334 0.236328125 0.50390625 0.236328125 0.5533854166666666 0.2373046875 0.5546875 0.2646484375 0.5546875 0.265625 0.5533854166666666 0.265625 0.54296875 0.267578125 0.5403645833333334 0.267578125 0.4934895833333333 0.26953125 0.4908854166666667
0 0.328125 0.4231770833333333 0.328125 0.55859375 0.3291015625 0.5598958333333334 0.3564453125 0.5598958333333334 0.357421875 0.55859375 0.357421875 0.42578125 0.3544921875 0.421875 0.3291015625 0.421875 0.328125 0.4231770833333333
0 0.4404296875 0.4088541666666667 0.4365234375 0.4088541666666667 0.4345703125 0.4114583333333333 0.4189453125 0.4114583333333333 0.41796875 0.4127604166666667 0.41796875 0.4700520833333333 0.419921875 0.47265625 0.419921875 0.5455729166666666 0.4228515625 0.5494791666666666 0.4443359375 0.5494791666666666 0.4453125 0.5481770833333334 0.4453125 0.48046875 0.443359375 0.4778645833333333 0.443359375 0.4127604166666667 0.4404296875 0.4088541666666667
0 0.5302734375 0.4010416666666667 0.5087890625 0.4010416666666667 0.5078125 0.40234375 0.5078125 0.44140625 0.509765625 0.4440104166666667 0.509765625 0.5091145833333334 0.51171875 0.51171875 0.51171875 0.5377604166666666 0.5126953125 0.5390625 0.5341796875 0.5390625 0.53515625 0.5377604166666666 0.53515625 0.4674479166666667 0.533203125 0.46484375 0.533203125 0.4075520833333333 0.5302734375 0.4010416666666667
0 0.619140625 0.4127604166666667 0.619140625 0.4049479166666667 0.6181640625 0.4036458333333333 0.5947265625 0.4036458333333333 0.591796875 0.41015625 0.591796875 0.5403645833333334 0.5927734375 0.5416666666666666 0.6181640625 0.5416666666666666 0.619140625 0.5403645833333334 0.619140625 0.5221354166666666 0.62109375 0.51953125 0.62109375 0.4153645833333333 0.619140625 0.4127604166666667
0 0.6767578125 0.3984375 0.671875 0.40234375 0.671875 0.46484375 0.673828125 0.4674479166666667 0.673828125 0.5325520833333334 0.6767578125 0.5364583333333334 0.6982421875 0.5364583333333334 0.69921875 0.53515625 0.701171875 0.5325520833333334 0.701171875 0.40234375 0.6982421875 0.3984375 0.6767578125 0.3984375
0 0.7890625 0.48046875 0.787109375 0.4778645833333333 0.787109375 0.43359375 0.78515625 0.4309895833333333 0.78515625 0.4075520833333333 0.7822265625 0.4036458333333333 0.7744140625 0.4036458333333333 0.7724609375 0.40625 0.7705078125 0.40625 0.7685546875 0.4036458333333333 0.7666015625 0.40625 0.7587890625 0.40625 0.75390625 0.41015625 0.75390625 0.4388020833333333 0.755859375 0.44140625 0.755859375 0.4934895833333333 0.7578125 0.49609375 0.7578125 0.5403645833333334 0.7607421875 0.5442708333333334 0.7822265625 0.5442708333333334 0.7841796875 0.5416666666666666 0.7861328125 0.5442708333333334 0.787109375 0.54296875 0.791015625 0.5403645833333334 0.791015625 0.52734375 0.7890625 0.5247395833333334 0.7890625 0.48046875
0 0.794921875 0.6940104166666666 0.794921875 0.6393229166666666 0.7919921875 0.6354166666666666 0.7646484375 0.6354166666666666 0.76171875 0.6393229166666666 0.76171875 0.6705729166666666 0.763671875 0.6731770833333334 0.763671875 0.73828125 0.765625 0.7408854166666666 0.765625 0.76953125 0.7685546875 0.7734375 0.7705078125 0.7734375 0.7763671875 0.7786458333333334 0.7939453125 0.7786458333333334 0.794921875 0.77734375 0.798828125 0.7721354166666666 0.796875 0.76953125 0.796875 0.6966145833333334 0.794921875 0.6940104166666666
0 0.7109375 0.7330729166666666 0.708984375 0.73046875 0.708984375 0.6966145833333334 0.70703125 0.6940104166666666 0.70703125 0.6627604166666666 0.705078125 0.66015625 0.705078125 0.6393229166666666 0.7021484375 0.6354166666666666 0.6787109375 0.6354166666666666 0.67578125 0.6393229166666666 0.67578125 0.6653645833333334 0.677734375 0.66796875 0.677734375 0.69921875 0.6796875 0.7018229166666666 0.6796875 0.7565104166666666 0.681640625 0.7591145833333334 0.681640625 0.7721354166666666 0.6865234375 0.7786458333333334 0.6884765625 0.7786458333333334 0.6904296875 0.78125 0.6943359375 0.78125 0.6953125 0.7799479166666666 0.6962890625 0.7786458333333334 0.7099609375 0.7786458333333334 0.7109375 0.77734375 0.7109375 0.7330729166666666
0 0.619140625 0.71484375 0.619140625 0.6783854166666666 0.6171875 0.67578125 0.6171875 0.64453125 0.6142578125 0.6380208333333334 0.5986328125 0.6380208333333334 0.5966796875 0.640625 0.5927734375 0.640625 0.58984375 0.64453125 0.58984375 0.6497395833333334 0.591796875 0.65234375 0.591796875 0.69921875 0.59375 0.7018229166666666 0.59375 0.7408854166666666 0.595703125 0.7434895833333334 0.595703125 0.7721354166666666 0.59765625 0.7747395833333334 0.59765625 0.7799479166666666 0.5986328125 0.78125 0.6220703125 0.78125 0.623046875 0.7799479166666666 0.623046875 0.7591145833333334 0.62109375 0.7565104166666666 0.62109375 0.7174479166666666 0.619140625 0.71484375
0 0.53515625 0.6471354166666666 0.5322265625 0.6432291666666666 0.5126953125 0.6432291666666666 0.509765625 0.6471354166666666 0.509765625 0.7096354166666666 0.51171875 0.7122395833333334 0.51171875 0.7825520833333334 0.5146484375 0.7864583333333334 0.5341796875 0.7864583333333334 0.53515625 0.78515625 0.537109375 0.7825520833333334 0.537109375 0.7434895833333334 0.53515625 0.7408854166666666 0.53515625 0.6471354166666666
0 0.4453125 0.6471354166666666 0.4423828125 0.6432291666666666 0.4345703125 0.6432291666666666 0.4326171875 0.6458333333333334 0.4208984375 0.6458333333333334 0.41796875 0.6497395833333334 0.41796875 0.66015625 0.419921875 0.6627604166666666 0.419921875 0.77734375 0.421875 0.7799479166666666 0.421875 0.7877604166666666 0.4228515625 0.7890625 0.4443359375 0.7890625 0.4453125 0.7877604166666666 0.447265625 0.78515625 0.447265625 0.7408854166666666 0.4453125 0.73828125 0.4453125 0.6471354166666666
0 0.353515625 0.6471354166666666 0.3505859375 0.6432291666666666 0.3310546875 0.6432291666666666 0.326171875 0.6471354166666666 0.326171875 0.65234375 0.32421875 0.6549479166666666 0.32421875 0.72265625 0.322265625 0.7252604166666666 0.322265625 0.78515625 0.3271484375 0.7890625 0.3466796875 0.7890625 0.34765625 0.7877604166666666 0.3515625 0.7825520833333334 0.3515625 0.69140625 0.353515625 0.6888020833333334 0.353515625 0.6471354166666666
0 0.265625 0.7643229166666666 0.265625 0.7591145833333334 0.267578125 0.7565104166666666 0.267578125 0.64453125 0.2666015625 0.6432291666666666 0.2392578125 0.6432291666666666 0.236328125 0.6471354166666666 0.236328125 0.7591145833333334 0.234375 0.76171875 0.234375 0.77734375 0.2392578125 0.7864583333333334 0.2587890625 0.7864583333333334 0.259765625 0.78515625 0.2626953125 0.7838541666666666 0.267578125 0.77734375 0.267578125 0.7669270833333334 0.265625 0.7643229166666666