0 0.4153645833333333 0.16796875 0.4075520833333333 0.162109375 0.4049479166666667 0.162109375 0.3971354166666667 0.15625 0.39453125 0.15625 0.3815104166666667 0.1484375 0.375 0.1513671875 0.3723958333333333 0.1572265625 0.3815104166666667 0.1640625 0.3841145833333333 0.1640625 0.3919270833333333 0.169921875 0.39453125 0.169921875 0.40234375 0.17578125 0.4049479166666667 0.17578125 0.41015625 0.1796875 0.4140625 0.1787109375 0.4192708333333333 0.1748046875 0.4192708333333333 0.1689453125 0.41796875 0.16796875 0.4153645833333333 0.16796875
0 0.3723958333333333 0.1748046875 0.3723958333333333 0.2080078125 0.3763020833333333 0.212890625 0.3841145833333333 0.212890625 0.3854166666666667 0.2119140625 0.3854166666666667 0.1748046875 0.3841145833333333 0.173828125 0.3736979166666667 0.173828125 0.3723958333333333 0.1748046875
0 0.4309895833333333 0.19921875 0.42578125 0.19921875 0.4231770833333333 0.197265625 0.41796875 0.197265625 0.4153645833333333 0.1953125 0.4075520833333333 0.1953125 0.4049479166666667 0.193359375 0.39453125 0.193359375 0.390625 0.1982421875 0.390625 0.2001953125 0.3971354166666667 0.205078125 0.40234375 0.205078125 0.4049479166666667 0.20703125 0.41015625 0.20703125 0.4127604166666667 0.208984375 0.41796875 0.208984375 0.4205729166666667 0.2109375 0.42578125 0.2109375 0.4283854166666667 0.212890625 0.4388020833333333 0.212890625 0.4401041666666667 0.2119140625 0.4401041666666667 0.2021484375 0.4388020833333333 0.201171875 0.43359375 0.201171875 0.4309895833333333 0.19921875
0 0.62109375 0.134765625 0.6184895833333334 0.134765625 0.6119791666666666 0.1396484375 0.6119791666666666 0.1455078125 0.6419270833333334 0.16796875 0.6458333333333334 0.1669921875 0.6536458333333334 0.1611328125 0.6510416666666666 0.1591796875 0.6510416666666666 0.1572265625 0.62109375 0.134765625
0 0.6848958333333334 0.1552734375 0.6875 0.1533203125 0.6875 0.1435546875 0.6901041666666666 0.1416015625 0.6901041666666666 0.1376953125 0.6861979166666666 0.134765625 0.6783854166666666 0.134765625 0.6770833333333334 0.1357421875 0.6770833333333334 0.1416015625 0.6744791666666666 0.1435546875 0.6744791666666666 0.1533203125 0.671875 0.1552734375 0.671875 0.1650390625 0.6692708333333334 0.1669921875 0.6692708333333334 0.1728515625 0.6705729166666666 0.173828125 0.6783854166666666 0.173828125 0.6796875 0.1728515625 0.6822916666666666 0.1708984375 0.6822916666666666 0.1650390625 0.6848958333333334 0.1630859375 0.6848958333333334 0.1552734375
0 0.65625 0.1865234375 0.6497395833333334 0.181640625 0.64453125 0.181640625 0.6380208333333334 0.1865234375 0.6380208333333334 0.1904296875 0.6510416666666666 0.2001953125 0.6510416666666666 0.2021484375 0.66796875 0.21484375 0.671875 0.2138671875 0.6796875 0.2080078125 0.6796875 0.2060546875 0.65625 0.1884765625 0.65625 0.1865234375
0 0.6119791666666666 0.1865234375 0.60546875 0.181640625 0.6028645833333334 0.181640625 0.5924479166666666 0.189453125 0.58984375 0.189453125 0.5677083333333334 0.2060546875 0.5677083333333334 0.2099609375 0.5716145833333334 0.212890625 0.5768229166666666 0.212890625 0.578125 0.2119140625 0.5872395833333334 0.205078125 0.58984375 0.205078125 0.6119791666666666 0.1884765625 0.6119791666666666 0.1865234375
0 0.390625 0.4638671875 0.390625 0.4619140625 0.3828125 0.4560546875 0.3828125 0.4541015625 0.375 0.4482421875 0.375 0.4462890625 0.37109375 0.443359375 0.3658854166666667 0.443359375 0.359375 0.4482421875 0.3619791666666667 0.4501953125 0.3619791666666667 0.4521484375 0.3723958333333333 0.4599609375 0.3723958333333333 0.4619140625 0.3802083333333333 0.4677734375 0.3802083333333333 0.4697265625 0.3854166666666667 0.4736328125 0.3854166666666667 0.4755859375 0.38671875 0.4765625 0.390625 0.4755859375 0.39453125 0.474609375 0.3984375 0.4716796875 0.3984375 0.4697265625 0.390625 0.4638671875
0 0.3932291666666667 0.5283203125 0.3854166666666667 0.5224609375 0.3854166666666667 0.5205078125 0.3802083333333333 0.5166015625 0.3802083333333333 0.5146484375 0.375 0.5107421875 0.3736979166666667 0.5078125 0.3658854166666667 0.509765625 0.3619791666666667 0.5126953125 0.3619791666666667 0.5146484375 0.3671875 0.5185546875 0.3697916666666667 0.5244140625 0.375 0.5283203125 0.375 0.5302734375 0.3802083333333333 0.5341796875 0.3802083333333333 0.5361328125 0.3854166666666667 0.5400390625 0.3854166666666667 0.5419921875 0.38671875 0.54296875 0.3919270833333333 0.54296875 0.3932291666666667 0.5419921875 0.3984375 0.5380859375 0.3984375 0.5361328125 0.3958333333333333 0.5341796875 0.3932291666666667 0.5283203125
0 0.46484375 0.56640625 0.45703125 0.560546875 0.4544270833333333 0.560546875 0.44140625 0.552734375 0.4361979166666667 0.552734375 0.4296875 0.5576171875 0.4296875 0.5595703125 0.4361979166666667 0.564453125 0.4388020833333333 0.564453125 0.4466145833333333 0.5703125 0.44921875 0.5703125 0.4544270833333333 0.57421875 0.4622395833333333 0.576171875 0.4674479166666667 0.580078125 0.4713541666666667 0.5791015625 0.4765625 0.5751953125 0.4765625 0.5712890625 0.47265625 0.568359375 0.46484375 0.56640625
0 0.6927083333333334 0.4833984375 0.6901041666666666 0.4814453125 0.6901041666666666 0.4755859375 0.6875 0.4736328125 0.6875 0.4697265625 0.6848958333333334 0.4677734375 0.6848958333333334 0.4619140625 0.6822916666666666 0.4599609375 0.6822916666666666 0.4580078125 0.6783854166666666 0.45703125 0.6692708333333334 0.4619140625 0.6692708333333334 0.4658203125 0.671875 0.4677734375 0.671875 0.4716796875 0.6744791666666666 0.4736328125 0.6744791666666666 0.4794921875 0.6770833333333334 0.4814453125 0.6770833333333334 0.4853515625 0.6796875 0.4873046875 0.6796875 0.4912109375 0.68359375 0.494140625 0.6888020833333334 0.494140625 0.6901041666666666 0.4931640625 0.6940104166666666 0.4921875 0.6953125 0.4892578125 0.6927083333333334 0.4873046875 0.6927083333333334 0.4833984375
0 0.6419270833333334 0.533203125 0.63671875 0.533203125 0.6328125 0.5361328125 0.6328125 0.5419921875 0.6341145833333334 0.54296875 0.64453125 0.54296875 0.6471354166666666 0.544921875 0.6809895833333334 0.544921875 0.6822916666666666 0.5439453125 0.6822916666666666 0.5380859375 0.6783854166666666 0.53515625 0.64453125 0.53515625 0.6419270833333334 0.533203125
0 0.6549479166666666 0.560546875 0.6497395833333334 0.560546875 0.6471354166666666 0.55859375 0.64453125 0.55859375 0.6419270833333334 0.556640625 0.63671875 0.556640625 0.6341145833333334 0.5546875 0.62890625 0.5546875 0.625 0.5576171875 0.625 0.5615234375 0.62890625 0.564453125 0.6315104166666666 0.564453125 0.6393229166666666 0.568359375 0.64453125 0.568359375 0.6471354166666666 0.5703125 0.65234375 0.5703125 0.66015625 0.57421875 0.6705729166666666 0.57421875 0.671875 0.5732421875 0.6744791666666666 0.5673828125 0.66796875 0.564453125 0.6627604166666666 0.564453125 0.6549479166666666 0.560546875
0 0.43359375 0.859375 0.4361979166666667 0.857421875 0.4440104166666667 0.85546875 0.4479166666666667 0.8525390625 0.4479166666666667 0.8486328125 0.4453125 0.8466796875 0.4453125 0.8447265625 0.4440104166666667 0.84375 0.4388020833333333 0.84375 0.43359375 0.84765625 0.4283854166666667 0.84765625 0.4205729166666667 0.8515625 0.4153645833333333 0.8515625 0.41015625 0.85546875 0.40234375 0.857421875 0.3984375 0.8603515625 0.4010416666666667 0.8662109375 0.40234375 0.8671875 0.4075520833333333 0.8671875 0.4088541666666667 0.8662109375 0.41015625 0.865234375 0.4153645833333333 0.865234375 0.4283854166666667 0.859375 0.43359375 0.859375
0 0.39453125 0.89453125 0.3893229166666667 0.89453125 0.38671875 0.892578125 0.3815104166666667 0.892578125 0.37890625 0.890625 0.3736979166666667 0.890625 0.37109375 0.888671875 0.36328125 0.888671875 0.3606770833333333 0.88671875 0.3528645833333333 0.88671875 0.3515625 0.8876953125 0.3515625 0.8896484375 0.3489583333333333 0.8916015625 0.3489583333333333 0.8974609375 0.3528645833333333 0.900390625 0.3606770833333333 0.900390625 0.36328125 0.90234375 0.3684895833333333 0.90234375 0.37109375 0.904296875 0.37890625 0.904296875 0.3815104166666667 0.90625 0.38671875 0.90625 0.3893229166666667 0.908203125 0.39453125 0.908203125 0.3958333333333333 0.9072265625 0.3958333333333333 0.9033203125 0.3984375 0.9013671875 0.3984375 0.8974609375 0.39453125 0.89453125
0 0.4205729166666667 0.9375 0.41796875 0.9375 0.4153645833333333 0.935546875 0.4127604166666667 0.935546875 0.41015625 0.93359375 0.4075520833333333 0.93359375 0.4049479166666667 0.931640625 0.40234375 0.931640625 0.3997395833333333 0.9296875 0.3971354166666667 0.9296875 0.3841145833333333 0.923828125 0.3815104166666667 0.923828125 0.3776041666666667 0.9267578125 0.3776041666666667 0.9306640625 0.375 0.9326171875 0.375 0.9365234375 0.3763020833333333 0.9375 0.37890625 0.9375 0.38671875 0.94140625 0.3919270833333333 0.94140625 0.39453125 0.943359375 0.3971354166666667 0.943359375 0.40234375 0.947265625 0.4049479166666667 0.947265625 0.4127604166666667 0.951171875 0.41796875 0.951171875 0.4192708333333333 0.9501953125 0.4192708333333333 0.9482421875 0.421875 0.9462890625 0.421875 0.9384765625 0.4205729166666667 0.9375
0 0.6302083333333334 0.8408203125 0.6328125 0.8388671875 0.6328125 0.8330078125 0.6354166666666666 0.8310546875 0.6354166666666666 0.8271484375 0.6380208333333334 0.8251953125 0.6380208333333334 0.8212890625 0.640625 0.8193359375 0.640625 0.8173828125 0.6315104166666666 0.8125 0.62890625 0.8125 0.625 0.8154296875 0.625 0.8193359375 0.6223958333333334 0.8212890625 0.6223958333333334 0.8251953125 0.6197916666666666 0.8271484375 0.6197916666666666 0.8330078125 0.6171875 0.8349609375 0.6171875 0.8388671875 0.6145833333333334 0.8408203125 0.6145833333333334 0.8505859375 0.6158854166666666 0.8515625 0.62109375 0.8515625 0.6236979166666666 0.853515625 0.625 0.8525390625 0.6276041666666666 0.8505859375 0.6276041666666666 0.8466796875 0.6302083333333334 0.8447265625 0.6302083333333334 0.8408203125
0 0.6783854166666666 0.857421875 0.6861979166666666 0.85546875 0.6927083333333334 0.8505859375 0.6901041666666666 0.8486328125 0.6901041666666666 0.8466796875 0.6861979166666666 0.841796875 0.6809895833333334 0.841796875 0.6783854166666666 0.84375 0.6705729166666666 0.845703125 0.6653645833333334 0.849609375 0.6575520833333334 0.8515625 0.6458333333333334 0.8583984375 0.6458333333333334 0.8623046875 0.6484375 0.8642578125 0.6484375 0.8662109375 0.65234375 0.869140625 0.65625 0.8681640625 0.66015625 0.8671875 0.6653645833333334 0.86328125 0.6731770833333334 0.861328125 0.6783854166666666 0.857421875
0 0.6705729166666666 0.892578125 0.66796875 0.892578125 0.6653645833333334 0.890625 0.6627604166666666 0.890625 0.6575520833333334 0.88671875 0.6549479166666666 0.88671875 0.65234375 0.884765625 0.64453125 0.8828125 0.6393229166666666 0.87890625 0.6341145833333334 0.87890625 0.6302083333333334 0.8818359375 0.6302083333333334 0.8876953125 0.63671875 0.892578125 0.64453125 0.89453125 0.6497395833333334 0.8984375 0.65234375 0.8984375 0.6575520833333334 0.90234375 0.66015625 0.90234375 0.66796875 0.90625 0.6731770833333334 0.90625 0.6744791666666666 0.9052734375 0.6744791666666666 0.9033203125 0.6770833333333334 0.9013671875 0.6770833333333334 0.8974609375 0.6705729166666666 0.892578125