0 0.3854166666666667 0.8955078125 0.3854166666666667 0.9033203125 0.3828125 0.9052734375 0.3828125 0.9111328125 0.3841145833333333 0.912109375 0.3919270833333333 0.912109375 0.3932291666666667 0.9111328125 0.3932291666666667 0.9072265625 0.3958333333333333 0.9052734375 0.3958333333333333 0.8994140625 0.3984375 0.8974609375 0.3984375 0.8916015625 0.4010416666666667 0.8896484375 0.4010416666666667 0.8857421875 0.3984375 0.8837890625 0.3971354166666667 0.8828125 0.3919270833333333 0.8828125 0.3880208333333333 0.8876953125 0.3880208333333333 0.8935546875 0.3854166666666667 0.8955078125
0 0.35546875 0.876953125 0.3528645833333333 0.87890625 0.3502604166666667 0.87890625 0.3463541666666667 0.8818359375 0.3463541666666667 0.8857421875 0.3528645833333333 0.890625 0.3658854166666667 0.884765625 0.3684895833333333 0.884765625 0.37109375 0.8828125 0.3736979166666667 0.8828125 0.3763020833333333 0.880859375 0.37890625 0.880859375 0.3854166666666667 0.8759765625 0.3854166666666667 0.8720703125 0.3802083333333333 0.8681640625 0.37890625 0.8671875 0.37109375 0.87109375 0.3684895833333333 0.87109375 0.36328125 0.875 0.35546875 0.876953125
0 0.3684895833333333 0.84765625 0.3736979166666667 0.84765625 0.38671875 0.837890625 0.3893229166666667 0.837890625 0.3984375 0.8310546875 0.3984375 0.8232421875 0.3971354166666667 0.822265625 0.3893229166666667 0.822265625 0.3645833333333333 0.8408203125 0.3645833333333333 0.8447265625 0.3684895833333333 0.84765625
0 0.3203125 0.8291015625 0.3203125 0.8310546875 0.3177083333333333 0.8330078125 0.3177083333333333 0.8349609375 0.3151041666666667 0.8369140625 0.3151041666666667 0.8388671875 0.3125 0.8408203125 0.3138020833333333 0.84375 0.3216145833333333 0.845703125 0.3255208333333333 0.8427734375 0.328125 0.8369140625 0.3307291666666667 0.8349609375 0.3307291666666667 0.8330078125 0.3359375 0.8291015625 0.3385416666666667 0.8232421875 0.3411458333333333 0.8212890625 0.3411458333333333 0.8193359375 0.3385416666666667 0.8173828125 0.3372395833333333 0.81640625 0.33203125 0.81640625 0.3255208333333333 0.8212890625 0.3229166666666667 0.8271484375 0.3203125 0.8291015625
0 0.3372395833333333 0.787109375 0.34765625 0.787109375 0.3502604166666667 0.7890625 0.3684895833333333 0.7890625 0.37109375 0.791015625 0.3736979166666667 0.791015625 0.3776041666666667 0.7880859375 0.3776041666666667 0.7802734375 0.3763020833333333 0.779296875 0.3658854166666667 0.779296875 0.3645833333333333 0.7783203125 0.36328125 0.77734375 0.3372395833333333 0.77734375 0.3359375 0.7783203125 0.3359375 0.7861328125 0.3372395833333333 0.787109375
0 0.6380208333333334 0.8681640625 0.6380208333333334 0.8720703125 0.640625 0.8740234375 0.640625 0.8779296875 0.6432291666666666 0.8798828125 0.6432291666666666 0.8857421875 0.6471354166666666 0.888671875 0.6549479166666666 0.888671875 0.65625 0.8876953125 0.65625 0.8837890625 0.6536458333333334 0.8818359375 0.6536458333333334 0.8759765625 0.6510416666666666 0.8740234375 0.6510416666666666 0.8701171875 0.6484375 0.8681640625 0.6484375 0.8642578125 0.6458333333333334 0.8623046875 0.6458333333333334 0.8603515625 0.64453125 0.859375 0.6393229166666666 0.859375 0.6354166666666666 0.8623046875 0.6354166666666666 0.8662109375 0.6380208333333334 0.8681640625
0 0.63671875 0.845703125 0.6419270833333334 0.845703125 0.6549479166666666 0.8515625 0.6575520833333334 0.8515625 0.66015625 0.853515625 0.66796875 0.853515625 0.6692708333333334 0.8525390625 0.6692708333333334 0.8447265625 0.66796875 0.84375 0.6653645833333334 0.84375 0.6627604166666666 0.841796875 0.66015625 0.841796875 0.6575520833333334 0.83984375 0.6549479166666666 0.83984375 0.65234375 0.837890625 0.6497395833333334 0.837890625 0.6432291666666666 0.8349609375 0.6419270833333334 0.833984375 0.6341145833333334 0.833984375 0.6302083333333334 0.8369140625 0.6302083333333334 0.8408203125 0.63671875 0.845703125
0 0.6432291666666666 0.8232421875 0.6432291666666666 0.8271484375 0.6471354166666666 0.83203125 0.65234375 0.83203125 0.6588541666666666 0.8271484375 0.6588541666666666 0.8251953125 0.6640625 0.8212890625 0.6640625 0.8193359375 0.6692708333333334 0.8154296875 0.6692708333333334 0.8134765625 0.671875 0.8115234375 0.671875 0.8056640625 0.6692708333333334 0.8037109375 0.66796875 0.802734375 0.6627604166666666 0.802734375 0.65625 0.8076171875 0.6536458333333334 0.8134765625 0.6432291666666666 0.8232421875
0 0.6575520833333334 0.771484375 0.66796875 0.779296875 0.6705729166666666 0.779296875 0.6770833333333334 0.7744140625 0.6744791666666666 0.7685546875 0.6705729166666666 0.767578125 0.66015625 0.759765625 0.6575520833333334 0.759765625 0.6484375 0.7529296875 0.64453125 0.751953125 0.6380208333333334 0.7568359375 0.6380208333333334 0.7587890625 0.6549479166666666 0.771484375 0.6575520833333334 0.771484375
0 0.3177083333333333 0.3017578125 0.3177083333333333 0.3076171875 0.3203125 0.3095703125 0.3203125 0.3173828125 0.3229166666666667 0.3193359375 0.3229166666666667 0.3251953125 0.3255208333333333 0.3271484375 0.3255208333333333 0.3310546875 0.3268229166666667 0.33203125 0.3346354166666667 0.33203125 0.3385416666666667 0.3291015625 0.3359375 0.3271484375 0.3359375 0.3193359375 0.3333333333333333 0.3173828125 0.3333333333333333 0.3115234375 0.3307291666666667 0.3095703125 0.3307291666666667 0.3017578125 0.328125 0.2998046875 0.328125 0.2939453125 0.3268229166666667 0.29296875 0.3190104166666667 0.29296875 0.3151041666666667 0.2958984375 0.3151041666666667 0.2998046875 0.3177083333333333 0.3017578125
0 0.3997395833333333 0.2734375 0.3971354166666667 0.275390625 0.3919270833333333 0.275390625 0.3893229166666667 0.27734375 0.3841145833333333 0.27734375 0.3802083333333333 0.2802734375 0.3828125 0.2861328125 0.3841145833333333 0.287109375 0.3893229166666667 0.287109375 0.3919270833333333 0.28515625 0.3971354166666667 0.28515625 0.3997395833333333 0.283203125 0.40234375 0.283203125 0.4049479166666667 0.28125 0.41015625 0.28125 0.4127604166666667 0.279296875 0.41796875 0.279296875 0.4205729166666667 0.27734375 0.42578125 0.27734375 0.4296875 0.2744140625 0.4296875 0.2685546875 0.4270833333333333 0.2666015625 0.42578125 0.265625 0.4231770833333333 0.267578125 0.41796875 0.267578125 0.4049479166666667 0.2734375 0.3997395833333333 0.2734375
0 0.2265625 0.2412109375 0.23177083333333334 0.2451171875 0.23177083333333334 0.2470703125 0.24479166666666666 0.2568359375 0.24479166666666666 0.2587890625 0.2591145833333333 0.26953125 0.2643229166666667 0.26953125 0.2682291666666667 0.2666015625 0.2682291666666667 0.2626953125 0.2552083333333333 0.2529296875 0.2552083333333333 0.2509765625 0.23958333333333334 0.2392578125 0.23958333333333334 0.2373046875 0.23697916666666666 0.2353515625 0.23307291666666666 0.234375 0.23046875 0.236328125 0.22786458333333334 0.236328125 0.2265625 0.2373046875 0.2265625 0.2412109375
0 0.375 0.2099609375 0.375 0.2236328125 0.3776041666666667 0.2255859375 0.3776041666666667 0.2373046875 0.3802083333333333 0.2392578125 0.3802083333333333 0.2431640625 0.3815104166666667 0.244140625 0.3893229166666667 0.244140625 0.3932291666666667 0.2412109375 0.3932291666666667 0.2373046875 0.390625 0.2353515625 0.390625 0.2236328125 0.3880208333333333 0.2216796875 0.3880208333333333 0.2099609375 0.3854166666666667 0.2080078125 0.3854166666666667 0.2041015625 0.3828125 0.2021484375 0.3815104166666667 0.201171875 0.3763020833333333 0.201171875 0.3723958333333333 0.2041015625 0.3723958333333333 0.2080078125 0.375 0.2099609375
0 0.29296875 0.1796875 0.30078125 0.185546875 0.3033854166666667 0.185546875 0.3111979166666667 0.19140625 0.3138020833333333 0.19140625 0.3216145833333333 0.197265625 0.32421875 0.197265625 0.3294270833333333 0.201171875 0.33203125 0.201171875 0.3359375 0.1982421875 0.3359375 0.1923828125 0.33203125 0.189453125 0.3294270833333333 0.189453125 0.3216145833333333 0.18359375 0.3190104166666667 0.18359375 0.30859375 0.17578125 0.3059895833333333 0.17578125 0.30078125 0.171875 0.296875 0.1708984375 0.29296875 0.169921875 0.2864583333333333 0.1748046875 0.2864583333333333 0.1767578125 0.2903645833333333 0.1796875 0.29296875 0.1796875
0 0.5794270833333334 0.3515625 0.5846354166666666 0.35546875 0.5924479166666666 0.357421875 0.59765625 0.361328125 0.60546875 0.36328125 0.6080729166666666 0.365234375 0.6106770833333334 0.365234375 0.6171875 0.3603515625 0.6171875 0.3564453125 0.61328125 0.353515625 0.60546875 0.3515625 0.6002604166666666 0.34765625 0.5924479166666666 0.345703125 0.5872395833333334 0.341796875 0.5846354166666666 0.341796875 0.578125 0.3388671875 0.57421875 0.337890625 0.5677083333333334 0.3447265625 0.5677083333333334 0.3466796875 0.5716145833333334 0.349609375 0.5794270833333334 0.3515625
0 0.6458333333333334 0.3017578125 0.6471354166666666 0.302734375 0.6575520833333334 0.302734375 0.6588541666666666 0.3017578125 0.6588541666666666 0.2978515625 0.6614583333333334 0.2958984375 0.6614583333333334 0.2802734375 0.6640625 0.2783203125 0.6640625 0.2646484375 0.6588541666666666 0.2626953125 0.6549479166666666 0.26171875 0.6484375 0.2685546875 0.6484375 0.2861328125 0.6458333333333334 0.2880859375 0.6458333333333334 0.3017578125
0 0.6809895833333334 0.234375 0.67578125 0.234375 0.6731770833333334 0.236328125 0.6653645833333334 0.236328125 0.6627604166666666 0.23828125 0.6549479166666666 0.23828125 0.6510416666666666 0.2412109375 0.6510416666666666 0.2451171875 0.6549479166666666 0.248046875 0.6653645833333334 0.248046875 0.66796875 0.24609375 0.6731770833333334 0.24609375 0.67578125 0.244140625 0.68359375 0.244140625 0.6861979166666666 0.2421875 0.6940104166666666 0.2421875 0.6966145833333334 0.240234375 0.7018229166666666 0.240234375 0.7057291666666666 0.2373046875 0.703125 0.2314453125 0.7018229166666666 0.23046875 0.69140625 0.23046875 0.6888020833333334 0.232421875 0.68359375 0.232421875 0.6809895833333334 0.234375
0 0.6028645833333334 0.234375 0.6106770833333334 0.234375 0.6145833333333334 0.2314453125 0.6145833333333334 0.1943359375 0.6119791666666666 0.1923828125 0.6106770833333334 0.19140625 0.6002604166666666 0.19140625 0.5989583333333334 0.1923828125 0.5989583333333334 0.2314453125 0.6028645833333334 0.234375
0 0.6458333333333334 0.1865234375 0.6458333333333334 0.1884765625 0.6380208333333334 0.1943359375 0.6471354166666666 0.201171875 0.6640625 0.1884765625 0.6640625 0.1865234375 0.6848958333333334 0.1708984375 0.6848958333333334 0.1689453125 0.6796875 0.1650390625 0.6783854166666666 0.1640625 0.6731770833333334 0.1640625 0.6692708333333334 0.1669921875 0.6692708333333334 0.1689453125 0.6458333333333334 0.1865234375