0 0.64453125 0.130859375 0.6471354166666666 0.130859375 0.6484375 0.1298828125 0.6484375 0.1220703125 0.6471354166666666 0.12109375 0.63671875 0.12109375 0.6341145833333334 0.123046875 0.62890625 0.123046875 0.6158854166666666 0.12890625 0.61328125 0.12890625 0.609375 0.1318359375 0.609375 0.1357421875 0.6119791666666666 0.1376953125 0.61328125 0.138671875 0.6236979166666666 0.138671875 0.6315104166666666 0.134765625 0.63671875 0.134765625 0.64453125 0.130859375
0 0.6575520833333334 0.1484375 0.6497395833333334 0.14453125 0.64453125 0.14453125 0.6419270833333334 0.142578125 0.63671875 0.142578125 0.6341145833333334 0.140625 0.62890625 0.140625 0.625 0.1435546875 0.625 0.1494140625 0.62890625 0.15234375 0.6341145833333334 0.15234375 0.63671875 0.154296875 0.6419270833333334 0.154296875 0.6497395833333334 0.158203125 0.6549479166666666 0.158203125 0.65625 0.1591796875 0.6575520833333334 0.16015625 0.6640625 0.1552734375 0.6640625 0.1494140625 0.6627604166666666 0.1484375 0.6575520833333334 0.1484375
0 0.6197916666666666 0.1650390625 0.6197916666666666 0.1630859375 0.6171875 0.1611328125 0.6171875 0.1591796875 0.6145833333333334 0.1572265625 0.6145833333333334 0.1552734375 0.6106770833333334 0.150390625 0.6002604166666666 0.150390625 0.5989583333333334 0.1513671875 0.5989583333333334 0.1572265625 0.6067708333333334 0.1669921875 0.6067708333333334 0.1708984375 0.6119791666666666 0.1748046875 0.61328125 0.17578125 0.62109375 0.17578125 0.6223958333333334 0.1748046875 0.6223958333333334 0.1669921875 0.6197916666666666 0.1650390625
0 0.4309895833333333 0.11328125 0.4361979166666667 0.11328125 0.4388020833333333 0.111328125 0.4440104166666667 0.111328125 0.4453125 0.1103515625 0.4453125 0.1025390625 0.44140625 0.099609375 0.4388020833333333 0.099609375 0.4361979166666667 0.1015625 0.4309895833333333 0.1015625 0.4283854166666667 0.103515625 0.4231770833333333 0.103515625 0.4205729166666667 0.10546875 0.4153645833333333 0.10546875 0.4127604166666667 0.107421875 0.41015625 0.107421875 0.4088541666666667 0.1083984375 0.4088541666666667 0.1142578125 0.4114583333333333 0.1162109375 0.4127604166666667 0.1171875 0.4205729166666667 0.1171875 0.4231770833333333 0.115234375 0.4283854166666667 0.115234375 0.4309895833333333 0.11328125
0 0.41015625 0.134765625 0.4205729166666667 0.134765625 0.4270833333333333 0.1318359375 0.4270833333333333 0.1279296875 0.4231770833333333 0.123046875 0.4075520833333333 0.123046875 0.4049479166666667 0.125 0.3971354166666667 0.125 0.39453125 0.126953125 0.38671875 0.126953125 0.3854166666666667 0.1279296875 0.3854166666666667 0.1357421875 0.3880208333333333 0.1376953125 0.3893229166666667 0.138671875 0.39453125 0.138671875 0.3971354166666667 0.13671875 0.4075520833333333 0.13671875 0.41015625 0.134765625
0 0.4622395833333333 0.150390625 0.4596354166666667 0.150390625 0.45703125 0.1484375 0.44921875 0.1484375 0.4466145833333333 0.146484375 0.4388020833333333 0.146484375 0.4361979166666667 0.14453125 0.42578125 0.14453125 0.4244791666666667 0.1455078125 0.4244791666666667 0.1513671875 0.4283854166666667 0.154296875 0.43359375 0.154296875 0.4361979166666667 0.15625 0.44140625 0.15625 0.4440104166666667 0.158203125 0.4518229166666667 0.158203125 0.453125 0.1591796875 0.4544270833333333 0.16015625 0.4596354166666667 0.16015625 0.4635416666666667 0.1572265625 0.4635416666666667 0.1513671875 0.4622395833333333 0.150390625
0 0.6497395833333334 0.34375 0.6549479166666666 0.34375 0.6575520833333334 0.341796875 0.6627604166666666 0.341796875 0.6653645833333334 0.33984375 0.6705729166666666 0.33984375 0.671875 0.3388671875 0.671875 0.3310546875 0.66796875 0.328125 0.6627604166666666 0.328125 0.66015625 0.330078125 0.65234375 0.330078125 0.64453125 0.333984375 0.63671875 0.333984375 0.6341145833333334 0.3359375 0.62890625 0.3359375 0.625 0.3388671875 0.625 0.3447265625 0.6276041666666666 0.3466796875 0.62890625 0.34765625 0.6393229166666666 0.34765625 0.6419270833333334 0.345703125 0.6471354166666666 0.345703125 0.6497395833333334 0.34375
0 0.6848958333333334 0.3603515625 0.6848958333333334 0.3544921875 0.6783854166666666 0.349609375 0.67578125 0.3515625 0.63671875 0.3515625 0.6354166666666666 0.3525390625 0.6354166666666666 0.3623046875 0.6380208333333334 0.3642578125 0.6393229166666666 0.365234375 0.6497395833333334 0.365234375 0.65234375 0.36328125 0.6809895833333334 0.36328125 0.6848958333333334 0.3603515625
0 0.6953125 0.4130859375 0.6953125 0.4072265625 0.6979166666666666 0.4052734375 0.6979166666666666 0.4013671875 0.7005208333333334 0.3994140625 0.7005208333333334 0.3935546875 0.69921875 0.392578125 0.6888020833333334 0.392578125 0.6875 0.3935546875 0.6875 0.3994140625 0.6848958333333334 0.4013671875 0.6848958333333334 0.4072265625 0.6822916666666666 0.4091796875 0.6822916666666666 0.4150390625 0.6796875 0.4169921875 0.6796875 0.4248046875 0.6809895833333334 0.42578125 0.6888020833333334 0.42578125 0.6927083333333334 0.4208984375 0.6927083333333334 0.4150390625 0.6953125 0.4130859375
0 0.4700520833333333 0.33984375 0.4778645833333333 0.337890625 0.484375 0.3330078125 0.4817708333333333 0.3310546875 0.4817708333333333 0.3291015625 0.4778645833333333 0.326171875 0.47265625 0.326171875 0.4596354166666667 0.33203125 0.45703125 0.33203125 0.4544270833333333 0.333984375 0.4518229166666667 0.333984375 0.4466145833333333 0.337890625 0.44140625 0.337890625 0.4401041666666667 0.3388671875 0.4401041666666667 0.3466796875 0.4427083333333333 0.3486328125 0.4440104166666667 0.349609375 0.44921875 0.349609375 0.4622395833333333 0.34375 0.46484375 0.34375 0.4700520833333333 0.33984375
0 0.40625 0.3642578125 0.40625 0.3623046875 0.4088541666666667 0.3603515625 0.3997395833333333 0.353515625 0.3971354166666667 0.353515625 0.3854166666666667 0.3623046875 0.3854166666666667 0.3642578125 0.3697916666666667 0.3759765625 0.3697916666666667 0.3798828125 0.375 0.3837890625 0.3763020833333333 0.384765625 0.3815104166666667 0.384765625 0.390625 0.3779296875 0.390625 0.3759765625 0.40625 0.3642578125
0 0.3932291666666667 0.4248046875 0.3932291666666667 0.4228515625 0.4010416666666667 0.4169921875 0.4010416666666667 0.4111328125 0.3971354166666667 0.408203125 0.3893229166666667 0.408203125 0.3776041666666667 0.4169921875 0.3763020833333333 0.419921875 0.3723958333333333 0.4208984375 0.3723958333333333 0.4228515625 0.3619791666666667 0.4306640625 0.3619791666666667 0.4345703125 0.3658854166666667 0.4375 0.3697916666666667 0.4384765625 0.3736979166666667 0.439453125 0.3776041666666667 0.4365234375 0.3776041666666667 0.4345703125 0.3893229166666667 0.42578125 0.3932291666666667 0.4248046875
0 0.7135416666666666 0.6865234375 0.7135416666666666 0.6845703125 0.7213541666666666 0.6787109375 0.7122395833333334 0.671875 0.7096354166666666 0.671875 0.6901041666666666 0.6865234375 0.6901041666666666 0.6884765625 0.6744791666666666 0.7001953125 0.6744791666666666 0.7021484375 0.671875 0.7041015625 0.6770833333333334 0.7099609375 0.6783854166666666 0.7109375 0.68359375 0.7109375 0.7005208333333334 0.6982421875 0.7005208333333334 0.6962890625 0.7135416666666666 0.6865234375
0 0.7447916666666666 0.7685546875 0.7447916666666666 0.7607421875 0.7421875 0.7587890625 0.7421875 0.7529296875 0.7395833333333334 0.7509765625 0.7395833333333334 0.7451171875 0.7369791666666666 0.7431640625 0.7369791666666666 0.7392578125 0.734375 0.7373046875 0.734375 0.7314453125 0.7317708333333334 0.7294921875 0.7317708333333334 0.7255859375 0.7278645833333334 0.72265625 0.7200520833333334 0.72265625 0.7161458333333334 0.7255859375 0.7161458333333334 0.7353515625 0.71875 0.7373046875 0.71875 0.7431640625 0.7213541666666666 0.7451171875 0.7213541666666666 0.7509765625 0.7239583333333334 0.7529296875 0.7239583333333334 0.7568359375 0.7265625 0.7587890625 0.7265625 0.7666015625 0.7291666666666666 0.7685546875 0.7291666666666666 0.7705078125 0.73046875 0.771484375 0.7356770833333334 0.771484375 0.73828125 0.76953125 0.7434895833333334 0.76953125 0.7447916666666666 0.7685546875
0 0.69140625 0.732421875 0.6888020833333334 0.732421875 0.68359375 0.728515625 0.6614583333333334 0.7451171875 0.6614583333333334 0.7470703125 0.6432291666666666 0.7607421875 0.6432291666666666 0.7626953125 0.6510416666666666 0.7685546875 0.6549479166666666 0.76953125 0.6770833333333334 0.7529296875 0.6770833333333334 0.7509765625 0.6953125 0.7373046875 0.69140625 0.732421875
0 0.6380208333333334 0.7021484375 0.6380208333333334 0.6982421875 0.6341145833333334 0.6953125 0.6315104166666666 0.6953125 0.6106770833333334 0.6796875 0.6080729166666666 0.6796875 0.59765625 0.671875 0.5924479166666666 0.671875 0.5859375 0.6767578125 0.5859375 0.6806640625 0.6080729166666666 0.697265625 0.6106770833333334 0.697265625 0.625 0.7080078125 0.6263020833333334 0.708984375 0.6315104166666666 0.708984375 0.6354166666666666 0.7060546875 0.6354166666666666 0.7041015625 0.6380208333333334 0.7021484375
0 0.3971354166666667 0.689453125 0.40234375 0.689453125 0.4049479166666667 0.6875 0.41015625 0.6875 0.4127604166666667 0.685546875 0.4205729166666667 0.685546875 0.4231770833333333 0.68359375 0.4283854166666667 0.68359375 0.4322916666666667 0.6806640625 0.4322916666666667 0.6787109375 0.4296875 0.6767578125 0.4296875 0.6728515625 0.42578125 0.669921875 0.4231770833333333 0.669921875 0.4205729166666667 0.671875 0.4153645833333333 0.671875 0.4127604166666667 0.673828125 0.4075520833333333 0.673828125 0.4049479166666667 0.67578125 0.3971354166666667 0.67578125 0.39453125 0.677734375 0.38671875 0.677734375 0.3841145833333333 0.6796875 0.37890625 0.6796875 0.3723958333333333 0.6826171875 0.3723958333333333 0.6884765625 0.375 0.6904296875 0.375 0.6923828125 0.3763020833333333 0.693359375 0.3841145833333333 0.693359375 0.38671875 0.69140625 0.39453125 0.69140625 0.3971354166666667 0.689453125
0 0.3645833333333333 0.7060546875 0.3645833333333333 0.6865234375 0.3671875 0.6845703125 0.3671875 0.6728515625 0.36328125 0.669921875 0.35546875 0.669921875 0.3515625 0.6728515625 0.3515625 0.6845703125 0.3489583333333333 0.6865234375 0.3489583333333333 0.7021484375 0.3463541666666667 0.7041015625 0.3463541666666667 0.7138671875 0.3515625 0.7158203125 0.3528645833333333 0.716796875 0.3580729166666667 0.716796875 0.3619791666666667 0.7138671875 0.3619791666666667 0.7080078125 0.3645833333333333 0.7060546875
0 0.3815104166666667 0.732421875 0.3841145833333333 0.732421875 0.3893229166666667 0.728515625 0.3919270833333333 0.728515625 0.3971354166666667 0.724609375 0.3997395833333333 0.724609375 0.4036458333333333 0.7216796875 0.4010416666666667 0.7158203125 0.3971354166666667 0.712890625 0.3893229166666667 0.712890625 0.3763020833333333 0.720703125 0.3736979166666667 0.720703125 0.3658854166666667 0.7265625 0.3580729166666667 0.728515625 0.3528645833333333 0.732421875 0.3502604166666667 0.732421875 0.3463541666666667 0.7353515625 0.3463541666666667 0.7412109375 0.3515625 0.7451171875 0.3528645833333333 0.74609375 0.3580729166666667 0.74609375 0.37109375 0.73828125 0.3736979166666667 0.73828125 0.3815104166666667 0.732421875