0 0.4322916666666667 0.8017578125 0.4270833333333333 0.8134765625 0.4296875 0.8154296875 0.4296875 0.8212890625 0.4309895833333333 0.822265625 0.4361979166666667 0.822265625 0.4401041666666667 0.8193359375 0.4401041666666667 0.8154296875 0.4427083333333333 0.8134765625 0.4427083333333333 0.8095703125 0.4453125 0.8076171875 0.4453125 0.8037109375 0.4388020833333333 0.80078125 0.43359375 0.80078125 0.4322916666666667 0.8017578125
0 0.6341145833333334 0.775390625 0.6315104166666666 0.7734375 0.6236979166666666 0.7734375 0.62109375 0.771484375 0.6106770833333334 0.771484375 0.609375 0.7724609375 0.6067708333333334 0.7744140625 0.6067708333333334 0.7783203125 0.6106770833333334 0.78125 0.6158854166666666 0.78125 0.6184895833333334 0.783203125 0.6263020833333334 0.783203125 0.62890625 0.78515625 0.63671875 0.78515625 0.6393229166666666 0.787109375 0.64453125 0.787109375 0.6484375 0.7841796875 0.6484375 0.7783203125 0.64453125 0.775390625 0.6341145833333334 0.775390625
0 0.4700520833333333 0.763671875 0.4361979166666667 0.763671875 0.4348958333333333 0.7646484375 0.4348958333333333 0.7744140625 0.4361979166666667 0.775390625 0.4752604166666667 0.775390625 0.4765625 0.7744140625 0.4765625 0.7666015625 0.4700520833333333 0.763671875
0 0.7122395833333334 0.7578125 0.7200520833333334 0.7578125 0.7395833333333334 0.7431640625 0.7395833333333334 0.7392578125 0.7356770833333334 0.73828125 0.7330729166666666 0.734375 0.7291666666666666 0.7353515625 0.7252604166666666 0.736328125 0.7083333333333334 0.7490234375 0.7083333333333334 0.7529296875 0.7122395833333334 0.7578125
0 0.7434895833333334 0.681640625 0.69921875 0.681640625 0.6979166666666666 0.6826171875 0.6979166666666666 0.6904296875 0.7018229166666666 0.693359375 0.7434895833333334 0.693359375 0.7473958333333334 0.6904296875 0.7473958333333334 0.6845703125 0.7434895833333334 0.681640625
0 0.6393229166666666 0.6640625 0.62890625 0.6640625 0.6276041666666666 0.6650390625 0.6276041666666666 0.6728515625 0.6302083333333334 0.6748046875 0.6302083333333334 0.6806640625 0.6328125 0.6826171875 0.6328125 0.6865234375 0.63671875 0.69140625 0.64453125 0.69140625 0.6458333333333334 0.6904296875 0.6458333333333334 0.6826171875 0.6432291666666666 0.6806640625 0.6432291666666666 0.6728515625 0.640625 0.6708984375 0.640625 0.6650390625 0.6393229166666666 0.6640625
0 0.5729166666666666 0.6689453125 0.5598958333333334 0.6787109375 0.5598958333333334 0.6806640625 0.5572916666666666 0.6826171875 0.5638020833333334 0.6875 0.5716145833333334 0.6875 0.59375 0.6708984375 0.59375 0.6650390625 0.58984375 0.662109375 0.5794270833333334 0.662109375 0.578125 0.6630859375 0.5729166666666666 0.6669921875 0.5729166666666666 0.6689453125
0 0.4739583333333333 0.6865234375 0.47265625 0.685546875 0.46484375 0.685546875 0.4635416666666667 0.6865234375 0.4609375 0.6884765625 0.4609375 0.6923828125 0.4635416666666667 0.6943359375 0.4635416666666667 0.7001953125 0.4661458333333333 0.7021484375 0.4661458333333333 0.7060546875 0.47265625 0.712890625 0.48046875 0.712890625 0.4817708333333333 0.7119140625 0.4817708333333333 0.7041015625 0.4765625 0.6982421875 0.4765625 0.6923828125 0.4739583333333333 0.6904296875 0.4739583333333333 0.6865234375
0 0.39453125 0.642578125 0.3971354166666667 0.640625 0.3997395833333333 0.640625 0.40625 0.6357421875 0.40625 0.6337890625 0.3997395833333333 0.626953125 0.3958333333333333 0.6279296875 0.3893229166666667 0.630859375 0.3841145833333333 0.630859375 0.37109375 0.63671875 0.3658854166666667 0.63671875 0.36328125 0.638671875 0.3606770833333333 0.638671875 0.359375 0.6396484375 0.359375 0.6474609375 0.3658854166666667 0.650390625 0.3684895833333333 0.650390625 0.3815104166666667 0.64453125 0.38671875 0.64453125 0.3893229166666667 0.642578125 0.39453125 0.642578125
0 0.5221354166666666 0.630859375 0.5299479166666666 0.630859375 0.5325520833333334 0.62890625 0.5377604166666666 0.62890625 0.5403645833333334 0.626953125 0.5481770833333334 0.626953125 0.55078125 0.625 0.5533854166666666 0.625 0.5546875 0.6240234375 0.5546875 0.6181640625 0.5520833333333334 0.6162109375 0.5520833333333334 0.6142578125 0.55078125 0.61328125 0.54296875 0.61328125 0.5416666666666666 0.6142578125 0.5403645833333334 0.615234375 0.53515625 0.615234375 0.5325520833333334 0.6171875 0.5247395833333334 0.6171875 0.5221354166666666 0.619140625 0.5169270833333334 0.619140625 0.5143229166666666 0.62109375 0.5065104166666666 0.62109375 0.5052083333333334 0.6220703125 0.5052083333333334 0.6298828125 0.51171875 0.634765625 0.5143229166666666 0.6328125 0.51953125 0.6328125 0.5221354166666666 0.630859375
0 0.5924479166666666 0.484375 0.5911458333333334 0.4853515625 0.5885416666666666 0.4873046875 0.5885416666666666 0.5029296875 0.5859375 0.5048828125 0.5859375 0.5224609375 0.5872395833333334 0.5234375 0.59765625 0.5234375 0.6015625 0.5185546875 0.6015625 0.5087890625 0.6041666666666666 0.5068359375 0.6041666666666666 0.4970703125 0.6067708333333334 0.4951171875 0.6067708333333334 0.4892578125 0.6028645833333334 0.484375 0.5924479166666666 0.484375
0 0.5 0.5166015625 0.4973958333333333 0.5146484375 0.4973958333333333 0.5107421875 0.4947916666666667 0.5087890625 0.4947916666666667 0.5029296875 0.4921875 0.5009765625 0.4921875 0.4951171875 0.4895833333333333 0.4931640625 0.4895833333333333 0.4873046875 0.48828125 0.486328125 0.4752604166666667 0.486328125 0.4739583333333333 0.4873046875 0.4739583333333333 0.4951171875 0.4765625 0.4970703125 0.4765625 0.5029296875 0.4791666666666667 0.5048828125 0.4791666666666667 0.5087890625 0.4817708333333333 0.5107421875 0.4817708333333333 0.5146484375 0.484375 0.5166015625 0.484375 0.5205078125 0.4908854166666667 0.525390625 0.4934895833333333 0.5234375 0.4986979166666667 0.5234375 0.5 0.5224609375 0.5 0.5166015625
0 0.2643229166666667 0.466796875 0.2669270833333333 0.46484375 0.2747395833333333 0.46484375 0.27734375 0.462890625 0.2877604166666667 0.462890625 0.2903645833333333 0.4609375 0.2981770833333333 0.4609375 0.3020833333333333 0.4580078125 0.3020833333333333 0.4501953125 0.2955729166666667 0.4453125 0.2916666666666667 0.4462890625 0.2903645833333333 0.447265625 0.2799479166666667 0.447265625 0.27734375 0.44921875 0.2669270833333333 0.44921875 0.2643229166666667 0.451171875 0.2565104166666667 0.451171875 0.25390625 0.453125 0.24348958333333334 0.453125 0.23697916666666666 0.4580078125 0.23697916666666666 0.4619140625 0.24348958333333334 0.46875 0.2513020833333333 0.46875 0.25390625 0.466796875 0.2643229166666667 0.466796875
0 0.11067708333333333 0.181640625 0.109375 0.1826171875 0.10677083333333333 0.1845703125 0.10677083333333333 0.1943359375 0.109375 0.1962890625 0.109375 0.2001953125 0.11067708333333333 0.201171875 0.15494791666666666 0.201171875 0.15755208333333334 0.203125 0.18880208333333334 0.203125 0.19270833333333334 0.2001953125 0.19270833333333334 0.1865234375 0.18880208333333334 0.18359375 0.14973958333333334 0.18359375 0.14713541666666666 0.181640625 0.11067708333333333 0.181640625
0 0.62109375 0.404296875 0.625 0.4013671875 0.625 0.3896484375 0.62109375 0.38671875 0.6106770833333334 0.38671875 0.609375 0.3876953125 0.6080729166666666 0.388671875 0.58984375 0.388671875 0.5872395833333334 0.390625 0.56640625 0.390625 0.5638020833333334 0.392578125 0.55859375 0.392578125 0.5572916666666666 0.3935546875 0.5572916666666666 0.4052734375 0.5611979166666666 0.408203125 0.57421875 0.408203125 0.5768229166666666 0.40625 0.59765625 0.40625 0.6002604166666666 0.404296875 0.62109375 0.404296875
0 0.515625 0.3349609375 0.515625 0.3330078125 0.53125 0.3212890625 0.53125 0.3134765625 0.5221354166666666 0.30859375 0.5169270833333334 0.30859375 0.515625 0.3095703125 0.5104166666666666 0.3134765625 0.5104166666666666 0.3154296875 0.4921875 0.3291015625 0.4921875 0.3310546875 0.4791666666666667 0.3408203125 0.4791666666666667 0.3427734375 0.4765625 0.3447265625 0.4765625 0.3505859375 0.48046875 0.353515625 0.4830729166666667 0.353515625 0.4856770833333333 0.35546875 0.4908854166666667 0.35546875 0.4921875 0.3525390625 0.515625 0.3349609375
0 0.4361979166666667 0.279296875 0.4388020833333333 0.27734375 0.4466145833333333 0.27734375 0.4505208333333333 0.2744140625 0.4505208333333333 0.2705078125 0.4453125 0.2646484375 0.4453125 0.2607421875 0.4401041666666667 0.2548828125 0.4401041666666667 0.2509765625 0.4375 0.2490234375 0.4375 0.2470703125 0.4348958333333333 0.2451171875 0.4348958333333333 0.2412109375 0.4296875 0.2353515625 0.4296875 0.2314453125 0.4270833333333333 0.2294921875 0.4270833333333333 0.2255859375 0.4244791666666667 0.2236328125 0.4244791666666667 0.2197265625 0.4231770833333333 0.21875 0.4153645833333333 0.21875 0.4140625 0.2197265625 0.40625 0.2216796875 0.40625 0.2333984375 0.4088541666666667 0.2353515625 0.4088541666666667 0.2373046875 0.4140625 0.2431640625 0.4140625 0.2470703125 0.421875 0.2568359375 0.421875 0.2607421875 0.4270833333333333 0.2666015625 0.4270833333333333 0.2705078125 0.4296875 0.2724609375 0.4296875 0.2744140625 0.43359375 0.279296875 0.4361979166666667 0.279296875
0 0.7395833333333334 0.2021484375 0.7395833333333334 0.2001953125 0.7526041666666666 0.1904296875 0.7526041666666666 0.1884765625 0.765625 0.1787109375 0.765625 0.1767578125 0.7760416666666666 0.1689453125 0.7760416666666666 0.1669921875 0.7890625 0.1572265625 0.7890625 0.1533203125 0.78515625 0.150390625 0.7825520833333334 0.150390625 0.7747395833333334 0.14453125 0.76953125 0.14453125 0.7682291666666666 0.1455078125 0.7682291666666666 0.1474609375 0.7578125 0.1552734375 0.7578125 0.1572265625 0.7473958333333334 0.1650390625 0.7473958333333334 0.1669921875 0.7369791666666666 0.1748046875 0.7369791666666666 0.1767578125 0.7161458333333334 0.1943359375 0.7161458333333334 0.1962890625 0.7252604166666666 0.203125 0.7278645833333334 0.203125 0.73046875 0.205078125 0.7356770833333334 0.205078125 0.7395833333333334 0.2021484375
0 0.6796875 0.1318359375 0.6822916666666666 0.1337890625 0.6822916666666666 0.1396484375 0.6848958333333334 0.1416015625 0.6848958333333334 0.1435546875 0.6861979166666666 0.14453125 0.6940104166666666 0.14453125 0.6966145833333334 0.142578125 0.7044270833333334 0.142578125 0.70703125 0.140625 0.7174479166666666 0.140625 0.7200520833333334 0.138671875 0.7330729166666666 0.138671875 0.7356770833333334 0.13671875 0.74609375 0.13671875 0.7486979166666666 0.134765625 0.7565104166666666 0.134765625 0.7591145833333334 0.1328125 0.7669270833333334 0.1328125 0.7708333333333334 0.1298828125 0.7708333333333334 0.1201171875 0.7682291666666666 0.1181640625 0.7682291666666666 0.1142578125 0.7669270833333334 0.11328125 0.7513020833333334 0.11328125 0.75 0.1142578125 0.7486979166666666 0.115234375 0.73828125 0.115234375 0.7356770833333334 0.1171875 0.7252604166666666 0.1171875 0.72265625 0.119140625 0.71484375 0.119140625 0.7122395833333334 0.12109375 0.7044270833333334 0.12109375 0.7018229166666666 0.123046875 0.6888020833333334 0.123046875 0.6861979166666666 0.125 0.68359375 0.125 0.6796875 0.1279296875 0.6796875 0.1318359375