0 0.6145833333333334 0.1044921875 0.6145833333333334 0.0966796875 0.6171875 0.0947265625 0.6171875 0.0888671875 0.6158854166666666 0.087890625 0.6080729166666666 0.087890625 0.6067708333333334 0.0888671875 0.6067708333333334 0.0927734375 0.6041666666666666 0.0947265625 0.6041666666666666 0.1005859375 0.6015625 0.1025390625 0.6015625 0.1083984375 0.5989583333333334 0.1103515625 0.5989583333333334 0.1142578125 0.6015625 0.1162109375 0.6028645833333334 0.1171875 0.6080729166666666 0.1171875 0.6119791666666666 0.1123046875 0.6119791666666666 0.1064453125 0.6145833333333334 0.1044921875
0 0.64453125 0.123046875 0.6471354166666666 0.12109375 0.6497395833333334 0.12109375 0.6536458333333334 0.1181640625 0.6536458333333334 0.1142578125 0.6471354166666666 0.109375 0.6341145833333334 0.115234375 0.6315104166666666 0.115234375 0.62890625 0.1171875 0.6263020833333334 0.1171875 0.6236979166666666 0.119140625 0.62109375 0.119140625 0.6145833333333334 0.1240234375 0.6145833333333334 0.1279296875 0.6197916666666666 0.1318359375 0.62109375 0.1328125 0.62890625 0.12890625 0.6315104166666666 0.12890625 0.63671875 0.125 0.64453125 0.123046875
0 0.6315104166666666 0.15234375 0.6263020833333334 0.15234375 0.61328125 0.162109375 0.6106770833333334 0.162109375 0.6015625 0.1689453125 0.6015625 0.1767578125 0.6028645833333334 0.177734375 0.6106770833333334 0.177734375 0.6354166666666666 0.1591796875 0.6354166666666666 0.1552734375 0.6315104166666666 0.15234375
0 0.6796875 0.1708984375 0.6796875 0.1689453125 0.6822916666666666 0.1669921875 0.6822916666666666 0.1650390625 0.6848958333333334 0.1630859375 0.6848958333333334 0.1611328125 0.6875 0.1591796875 0.6861979166666666 0.15625 0.6783854166666666 0.154296875 0.6744791666666666 0.1572265625 0.671875 0.1630859375 0.6692708333333334 0.1650390625 0.6692708333333334 0.1669921875 0.6640625 0.1708984375 0.6614583333333334 0.1767578125 0.6588541666666666 0.1787109375 0.6588541666666666 0.1806640625 0.6614583333333334 0.1826171875 0.6627604166666666 0.18359375 0.66796875 0.18359375 0.6744791666666666 0.1787109375 0.6770833333333334 0.1728515625 0.6796875 0.1708984375
0 0.6627604166666666 0.212890625 0.65234375 0.212890625 0.6497395833333334 0.2109375 0.6315104166666666 0.2109375 0.62890625 0.208984375 0.6263020833333334 0.208984375 0.6223958333333334 0.2119140625 0.6223958333333334 0.2197265625 0.6236979166666666 0.220703125 0.6341145833333334 0.220703125 0.6354166666666666 0.2216796875 0.63671875 0.22265625 0.6627604166666666 0.22265625 0.6640625 0.2216796875 0.6640625 0.2138671875 0.6627604166666666 0.212890625
0 0.3619791666666667 0.1318359375 0.3619791666666667 0.1279296875 0.359375 0.1259765625 0.359375 0.1220703125 0.3567708333333333 0.1201171875 0.3567708333333333 0.1142578125 0.3528645833333333 0.111328125 0.3450520833333333 0.111328125 0.34375 0.1123046875 0.34375 0.1162109375 0.3463541666666667 0.1181640625 0.3463541666666667 0.1240234375 0.3489583333333333 0.1259765625 0.3489583333333333 0.1298828125 0.3515625 0.1318359375 0.3515625 0.1357421875 0.3541666666666667 0.1376953125 0.3541666666666667 0.1396484375 0.35546875 0.140625 0.3606770833333333 0.140625 0.3645833333333333 0.1376953125 0.3645833333333333 0.1337890625 0.3619791666666667 0.1318359375
0 0.36328125 0.154296875 0.3580729166666667 0.154296875 0.3450520833333333 0.1484375 0.3424479166666667 0.1484375 0.33984375 0.146484375 0.33203125 0.146484375 0.3307291666666667 0.1474609375 0.3307291666666667 0.1552734375 0.33203125 0.15625 0.3346354166666667 0.15625 0.3372395833333333 0.158203125 0.33984375 0.158203125 0.3424479166666667 0.16015625 0.3450520833333333 0.16015625 0.34765625 0.162109375 0.3502604166666667 0.162109375 0.3567708333333333 0.1650390625 0.3580729166666667 0.166015625 0.3658854166666667 0.166015625 0.3697916666666667 0.1630859375 0.3697916666666667 0.1591796875 0.36328125 0.154296875
0 0.3567708333333333 0.1767578125 0.3567708333333333 0.1728515625 0.3528645833333333 0.16796875 0.34765625 0.16796875 0.3411458333333333 0.1728515625 0.3411458333333333 0.1748046875 0.3359375 0.1787109375 0.3359375 0.1806640625 0.3307291666666667 0.1845703125 0.3307291666666667 0.1865234375 0.328125 0.1884765625 0.328125 0.1943359375 0.3307291666666667 0.1962890625 0.33203125 0.197265625 0.3372395833333333 0.197265625 0.34375 0.1923828125 0.3463541666666667 0.1865234375 0.3567708333333333 0.1767578125
0 0.3424479166666667 0.228515625 0.33203125 0.220703125 0.3294270833333333 0.220703125 0.3229166666666667 0.2255859375 0.3255208333333333 0.2314453125 0.3294270833333333 0.232421875 0.33984375 0.240234375 0.3424479166666667 0.240234375 0.3515625 0.2470703125 0.35546875 0.248046875 0.3619791666666667 0.2431640625 0.3619791666666667 0.2412109375 0.3450520833333333 0.228515625 0.3424479166666667 0.228515625
0 0.6822916666666666 0.6982421875 0.6822916666666666 0.6923828125 0.6796875 0.6904296875 0.6796875 0.6826171875 0.6770833333333334 0.6806640625 0.6770833333333334 0.6748046875 0.6744791666666666 0.6728515625 0.6744791666666666 0.6689453125 0.6731770833333334 0.66796875 0.6653645833333334 0.66796875 0.6614583333333334 0.6708984375 0.6640625 0.6728515625 0.6640625 0.6806640625 0.6666666666666666 0.6826171875 0.6666666666666666 0.6884765625 0.6692708333333334 0.6904296875 0.6692708333333334 0.6982421875 0.671875 0.7001953125 0.671875 0.7060546875 0.6731770833333334 0.70703125 0.6809895833333334 0.70703125 0.6848958333333334 0.7041015625 0.6848958333333334 0.7001953125 0.6822916666666666 0.6982421875
0 0.6002604166666666 0.7265625 0.6028645833333334 0.724609375 0.6080729166666666 0.724609375 0.6106770833333334 0.72265625 0.6158854166666666 0.72265625 0.6197916666666666 0.7197265625 0.6171875 0.7138671875 0.6158854166666666 0.712890625 0.6106770833333334 0.712890625 0.6080729166666666 0.71484375 0.6028645833333334 0.71484375 0.6002604166666666 0.716796875 0.59765625 0.716796875 0.5950520833333334 0.71875 0.58984375 0.71875 0.5872395833333334 0.720703125 0.58203125 0.720703125 0.5794270833333334 0.72265625 0.57421875 0.72265625 0.5703125 0.7255859375 0.5703125 0.7314453125 0.5729166666666666 0.7333984375 0.57421875 0.734375 0.5768229166666666 0.732421875 0.58203125 0.732421875 0.5950520833333334 0.7265625 0.6002604166666666 0.7265625
0 0.7734375 0.7587890625 0.7682291666666666 0.7548828125 0.7682291666666666 0.7529296875 0.7552083333333334 0.7431640625 0.7552083333333334 0.7412109375 0.7408854166666666 0.73046875 0.7356770833333334 0.73046875 0.7317708333333334 0.7333984375 0.7317708333333334 0.7373046875 0.7447916666666666 0.7470703125 0.7447916666666666 0.7490234375 0.7604166666666666 0.7607421875 0.7604166666666666 0.7626953125 0.7630208333333334 0.7646484375 0.7669270833333334 0.765625 0.76953125 0.763671875 0.7721354166666666 0.763671875 0.7734375 0.7626953125 0.7734375 0.7587890625
0 0.625 0.7900390625 0.625 0.7763671875 0.6223958333333334 0.7744140625 0.6223958333333334 0.7626953125 0.6197916666666666 0.7607421875 0.6197916666666666 0.7568359375 0.6184895833333334 0.755859375 0.6106770833333334 0.755859375 0.6067708333333334 0.7587890625 0.6067708333333334 0.7626953125 0.609375 0.7646484375 0.609375 0.7763671875 0.6119791666666666 0.7783203125 0.6119791666666666 0.7900390625 0.6145833333333334 0.7919921875 0.6145833333333334 0.7958984375 0.6171875 0.7978515625 0.6184895833333334 0.798828125 0.6236979166666666 0.798828125 0.6276041666666666 0.7958984375 0.6276041666666666 0.7919921875 0.625 0.7900390625
0 0.70703125 0.8203125 0.69921875 0.814453125 0.6966145833333334 0.814453125 0.6888020833333334 0.80859375 0.6861979166666666 0.80859375 0.6783854166666666 0.802734375 0.67578125 0.802734375 0.6705729166666666 0.798828125 0.66796875 0.798828125 0.6640625 0.8017578125 0.6640625 0.8076171875 0.66796875 0.810546875 0.6705729166666666 0.810546875 0.6783854166666666 0.81640625 0.6809895833333334 0.81640625 0.69140625 0.82421875 0.6940104166666666 0.82421875 0.69921875 0.828125 0.703125 0.8291015625 0.70703125 0.830078125 0.7135416666666666 0.8251953125 0.7135416666666666 0.8232421875 0.7096354166666666 0.8203125 0.70703125 0.8203125
0 0.4205729166666667 0.6484375 0.4153645833333333 0.64453125 0.4075520833333333 0.642578125 0.40234375 0.638671875 0.39453125 0.63671875 0.3919270833333333 0.634765625 0.3893229166666667 0.634765625 0.3828125 0.6396484375 0.3828125 0.6435546875 0.38671875 0.646484375 0.39453125 0.6484375 0.3997395833333333 0.65234375 0.4075520833333333 0.654296875 0.4127604166666667 0.658203125 0.4153645833333333 0.658203125 0.421875 0.6611328125 0.42578125 0.662109375 0.4322916666666667 0.6552734375 0.4322916666666667 0.6533203125 0.4283854166666667 0.650390625 0.4205729166666667 0.6484375
0 0.3541666666666667 0.6982421875 0.3528645833333333 0.697265625 0.3424479166666667 0.697265625 0.3411458333333333 0.6982421875 0.3411458333333333 0.7021484375 0.3385416666666667 0.7041015625 0.3385416666666667 0.7197265625 0.3359375 0.7216796875 0.3359375 0.7353515625 0.3411458333333333 0.7373046875 0.3450520833333333 0.73828125 0.3515625 0.7314453125 0.3515625 0.7138671875 0.3541666666666667 0.7119140625 0.3541666666666667 0.6982421875
0 0.3190104166666667 0.765625 0.32421875 0.765625 0.3268229166666667 0.763671875 0.3346354166666667 0.763671875 0.3372395833333333 0.76171875 0.3450520833333333 0.76171875 0.3489583333333333 0.7587890625 0.3489583333333333 0.7548828125 0.3450520833333333 0.751953125 0.3346354166666667 0.751953125 0.33203125 0.75390625 0.3268229166666667 0.75390625 0.32421875 0.755859375 0.31640625 0.755859375 0.3138020833333333 0.7578125 0.3059895833333333 0.7578125 0.3033854166666667 0.759765625 0.2981770833333333 0.759765625 0.2942708333333333 0.7626953125 0.296875 0.7685546875 0.2981770833333333 0.76953125 0.30859375 0.76953125 0.3111979166666667 0.767578125 0.31640625 0.767578125 0.3190104166666667 0.765625
0 0.3971354166666667 0.765625 0.3893229166666667 0.765625 0.3854166666666667 0.7685546875 0.3854166666666667 0.8056640625 0.3880208333333333 0.8076171875 0.3893229166666667 0.80859375 0.3997395833333333 0.80859375 0.4010416666666667 0.8076171875 0.4010416666666667 0.7685546875 0.3971354166666667 0.765625
0 0.3541666666666667 0.8134765625 0.3541666666666667 0.8115234375 0.3619791666666667 0.8056640625 0.3528645833333333 0.798828125 0.3359375 0.8115234375 0.3359375 0.8134765625 0.3151041666666667 0.8291015625 0.3151041666666667 0.8310546875 0.3203125 0.8349609375 0.3216145833333333 0.8359375 0.3268229166666667 0.8359375 0.3307291666666667 0.8330078125 0.3307291666666667 0.8310546875 0.3541666666666667 0.8134765625