0 0.5690104166666666 0.177734375 0.5638020833333334 0.177734375 0.5598958333333334 0.1806640625 0.5598958333333334 0.1845703125 0.5572916666666666 0.1865234375 0.5572916666666666 0.1904296875 0.5546875 0.1923828125 0.5546875 0.1962890625 0.5611979166666666 0.19921875 0.56640625 0.19921875 0.5677083333333334 0.1982421875 0.5729166666666666 0.1865234375 0.5703125 0.1845703125 0.5703125 0.1787109375 0.5690104166666666 0.177734375
0 0.3841145833333333 0.21875 0.3815104166666667 0.216796875 0.3736979166666667 0.216796875 0.37109375 0.21484375 0.36328125 0.21484375 0.3606770833333333 0.212890625 0.35546875 0.212890625 0.3515625 0.2158203125 0.3515625 0.2216796875 0.35546875 0.224609375 0.3658854166666667 0.224609375 0.3684895833333333 0.2265625 0.3763020833333333 0.2265625 0.37890625 0.228515625 0.3893229166666667 0.228515625 0.390625 0.2275390625 0.3932291666666667 0.2255859375 0.3932291666666667 0.2216796875 0.3893229166666667 0.21875 0.3841145833333333 0.21875
0 0.5234375 0.2255859375 0.5234375 0.2333984375 0.5299479166666666 0.236328125 0.5638020833333334 0.236328125 0.5651041666666666 0.2353515625 0.5651041666666666 0.2255859375 0.5638020833333334 0.224609375 0.5247395833333334 0.224609375 0.5234375 0.2255859375
0 0.2877604166666667 0.2421875 0.2799479166666667 0.2421875 0.2604166666666667 0.2568359375 0.2604166666666667 0.2607421875 0.2643229166666667 0.26171875 0.2669270833333333 0.265625 0.2708333333333333 0.2646484375 0.2747395833333333 0.263671875 0.2916666666666667 0.2509765625 0.2916666666666667 0.2470703125 0.2877604166666667 0.2421875
0 0.2526041666666667 0.3095703125 0.2526041666666667 0.3154296875 0.2565104166666667 0.318359375 0.30078125 0.318359375 0.3020833333333333 0.3173828125 0.3020833333333333 0.3095703125 0.2981770833333333 0.306640625 0.2565104166666667 0.306640625 0.2526041666666667 0.3095703125
0 0.3671875 0.3173828125 0.3671875 0.3134765625 0.36328125 0.30859375 0.35546875 0.30859375 0.3541666666666667 0.3095703125 0.3541666666666667 0.3173828125 0.3567708333333333 0.3193359375 0.3567708333333333 0.3271484375 0.359375 0.3291015625 0.359375 0.3349609375 0.3606770833333333 0.3359375 0.37109375 0.3359375 0.3723958333333333 0.3349609375 0.3723958333333333 0.3271484375 0.3697916666666667 0.3251953125 0.3697916666666667 0.3193359375 0.3671875 0.3173828125
0 0.4401041666666667 0.3193359375 0.4427083333333333 0.3173828125 0.4361979166666667 0.3125 0.4283854166666667 0.3125 0.40625 0.3291015625 0.40625 0.3349609375 0.41015625 0.337890625 0.4205729166666667 0.337890625 0.421875 0.3369140625 0.4270833333333333 0.3330078125 0.4270833333333333 0.3310546875 0.4401041666666667 0.3212890625 0.4401041666666667 0.3193359375
0 0.5364583333333334 0.2998046875 0.5338541666666666 0.2978515625 0.5338541666666666 0.2939453125 0.52734375 0.287109375 0.51953125 0.287109375 0.5182291666666666 0.2880859375 0.5182291666666666 0.2958984375 0.5234375 0.3017578125 0.5234375 0.3076171875 0.5260416666666666 0.3095703125 0.5260416666666666 0.3134765625 0.52734375 0.314453125 0.53515625 0.314453125 0.5364583333333334 0.3134765625 0.5390625 0.3115234375 0.5390625 0.3076171875 0.5364583333333334 0.3056640625 0.5364583333333334 0.2998046875
0 0.6341145833333334 0.36328125 0.63671875 0.361328125 0.6393229166666666 0.361328125 0.640625 0.3603515625 0.640625 0.3525390625 0.6341145833333334 0.349609375 0.6315104166666666 0.349609375 0.6184895833333334 0.35546875 0.61328125 0.35546875 0.6106770833333334 0.357421875 0.60546875 0.357421875 0.6028645833333334 0.359375 0.6002604166666666 0.359375 0.59375 0.3642578125 0.59375 0.3662109375 0.6002604166666666 0.373046875 0.6041666666666666 0.3720703125 0.6106770833333334 0.369140625 0.6158854166666666 0.369140625 0.62890625 0.36328125 0.6341145833333334 0.36328125
0 0.4752604166666667 0.3828125 0.4778645833333333 0.380859375 0.4830729166666667 0.380859375 0.4856770833333333 0.37890625 0.4934895833333333 0.37890625 0.4947916666666667 0.3779296875 0.4947916666666667 0.3701171875 0.48828125 0.365234375 0.4856770833333333 0.3671875 0.48046875 0.3671875 0.4778645833333333 0.369140625 0.4700520833333333 0.369140625 0.4674479166666667 0.37109375 0.4622395833333333 0.37109375 0.4596354166666667 0.373046875 0.4518229166666667 0.373046875 0.44921875 0.375 0.4466145833333333 0.375 0.4453125 0.3759765625 0.4453125 0.3818359375 0.4479166666666667 0.3837890625 0.4479166666666667 0.3857421875 0.44921875 0.38671875 0.45703125 0.38671875 0.4583333333333333 0.3857421875 0.4596354166666667 0.384765625 0.46484375 0.384765625 0.4674479166666667 0.3828125 0.4752604166666667 0.3828125
0 0.4140625 0.4775390625 0.4127604166666667 0.4765625 0.40234375 0.4765625 0.3984375 0.4814453125 0.3984375 0.4912109375 0.3958333333333333 0.4931640625 0.3958333333333333 0.5029296875 0.3932291666666667 0.5048828125 0.3932291666666667 0.5107421875 0.3971354166666667 0.515625 0.4075520833333333 0.515625 0.4088541666666667 0.5146484375 0.4114583333333333 0.5126953125 0.4114583333333333 0.4970703125 0.4140625 0.4951171875 0.4140625 0.4775390625
0 0.5208333333333334 0.4951171875 0.5208333333333334 0.4912109375 0.5182291666666666 0.4892578125 0.5182291666666666 0.4853515625 0.515625 0.4833984375 0.515625 0.4794921875 0.5091145833333334 0.474609375 0.5065104166666666 0.4765625 0.5013020833333334 0.4765625 0.5 0.4775390625 0.5 0.4833984375 0.5026041666666666 0.4853515625 0.5026041666666666 0.4892578125 0.5052083333333334 0.4912109375 0.5052083333333334 0.4970703125 0.5078125 0.4990234375 0.5078125 0.5048828125 0.5104166666666666 0.5068359375 0.5104166666666666 0.5126953125 0.51171875 0.513671875 0.5247395833333334 0.513671875 0.5260416666666666 0.5126953125 0.5260416666666666 0.5048828125 0.5234375 0.5029296875 0.5234375 0.4970703125 0.5208333333333334 0.4951171875
0 0.7330729166666666 0.55078125 0.7356770833333334 0.548828125 0.7434895833333334 0.548828125 0.74609375 0.546875 0.7565104166666666 0.546875 0.7630208333333334 0.5419921875 0.7630208333333334 0.5380859375 0.7565104166666666 0.53125 0.7486979166666666 0.53125 0.74609375 0.533203125 0.7356770833333334 0.533203125 0.7330729166666666 0.53515625 0.7252604166666666 0.53515625 0.72265625 0.537109375 0.7122395833333334 0.537109375 0.7096354166666666 0.5390625 0.7018229166666666 0.5390625 0.6979166666666666 0.5419921875 0.6979166666666666 0.5498046875 0.7044270833333334 0.5546875 0.7083333333333334 0.5537109375 0.7096354166666666 0.552734375 0.7200520833333334 0.552734375 0.72265625 0.55078125 0.7330729166666666 0.55078125
0 0.890625 0.7998046875 0.8893229166666666 0.798828125 0.8450520833333334 0.798828125 0.8424479166666666 0.796875 0.8111979166666666 0.796875 0.8072916666666666 0.7998046875 0.8072916666666666 0.8134765625 0.8111979166666666 0.81640625 0.8502604166666666 0.81640625 0.8528645833333334 0.818359375 0.8893229166666666 0.818359375 0.890625 0.8173828125 0.8932291666666666 0.8154296875 0.8932291666666666 0.8056640625 0.890625 0.8037109375 0.890625 0.7998046875
0 0.43359375 0.609375 0.4361979166666667 0.607421875 0.44140625 0.607421875 0.4427083333333333 0.6064453125 0.4427083333333333 0.5947265625 0.4388020833333333 0.591796875 0.42578125 0.591796875 0.4231770833333333 0.59375 0.40234375 0.59375 0.3997395833333333 0.595703125 0.37890625 0.595703125 0.375 0.5986328125 0.375 0.6103515625 0.37890625 0.61328125 0.3893229166666667 0.61328125 0.390625 0.6123046875 0.3919270833333333 0.611328125 0.41015625 0.611328125 0.4127604166666667 0.609375 0.43359375 0.609375
0 0.5078125 0.6689453125 0.5208333333333334 0.6591796875 0.5208333333333334 0.6572265625 0.5234375 0.6552734375 0.5234375 0.6494140625 0.51953125 0.646484375 0.5169270833333334 0.646484375 0.5143229166666666 0.64453125 0.5091145833333334 0.64453125 0.5078125 0.6474609375 0.484375 0.6650390625 0.484375 0.6669921875 0.46875 0.6787109375 0.46875 0.6865234375 0.4778645833333333 0.69140625 0.4830729166666667 0.69140625 0.484375 0.6904296875 0.4895833333333333 0.6865234375 0.4895833333333333 0.6845703125 0.5078125 0.6708984375 0.5078125 0.6689453125
0 0.5911458333333334 0.7626953125 0.5859375 0.7568359375 0.5859375 0.7529296875 0.578125 0.7431640625 0.578125 0.7392578125 0.5729166666666666 0.7333984375 0.5729166666666666 0.7294921875 0.5703125 0.7275390625 0.5703125 0.7255859375 0.56640625 0.720703125 0.5638020833333334 0.720703125 0.5611979166666666 0.72265625 0.5533854166666666 0.72265625 0.5494791666666666 0.7255859375 0.5494791666666666 0.7294921875 0.5546875 0.7353515625 0.5546875 0.7392578125 0.5598958333333334 0.7451171875 0.5598958333333334 0.7490234375 0.5625 0.7509765625 0.5625 0.7529296875 0.5651041666666666 0.7548828125 0.5651041666666666 0.7587890625 0.5703125 0.7646484375 0.5703125 0.7685546875 0.5729166666666666 0.7705078125 0.5729166666666666 0.7744140625 0.5755208333333334 0.7763671875 0.5755208333333334 0.7802734375 0.5768229166666666 0.78125 0.5846354166666666 0.78125 0.5859375 0.7802734375 0.59375 0.7783203125 0.59375 0.7666015625 0.5911458333333334 0.7646484375 0.5911458333333334 0.7626953125
0 0.2526041666666667 0.8349609375 0.2526041666666667 0.8330078125 0.2630208333333333 0.8251953125 0.2630208333333333 0.8232421875 0.2838541666666667 0.8056640625 0.2838541666666667 0.8037109375 0.2747395833333333 0.796875 0.2721354166666667 0.796875 0.26953125 0.794921875 0.2643229166666667 0.794921875 0.2604166666666667 0.7978515625 0.2604166666666667 0.7998046875 0.24739583333333334 0.8095703125 0.24739583333333334 0.8115234375 0.234375 0.8212890625 0.234375 0.8232421875 0.22395833333333334 0.8310546875 0.22395833333333334 0.8330078125 0.2109375 0.8427734375 0.2109375 0.8466796875 0.21484375 0.849609375 0.21744791666666666 0.849609375 0.22526041666666666 0.85546875 0.23046875 0.85546875 0.23177083333333334 0.8544921875 0.23177083333333334 0.8525390625 0.2421875 0.8447265625 0.2421875 0.8427734375 0.2526041666666667 0.8349609375
0 0.2747395833333333 0.8828125 0.27734375 0.880859375 0.28515625 0.880859375 0.2877604166666667 0.87890625 0.2955729166666667 0.87890625 0.2981770833333333 0.876953125 0.3111979166666667 0.876953125 0.3138020833333333 0.875 0.31640625 0.875 0.3203125 0.8720703125 0.3203125 0.8681640625 0.3177083333333333 0.8662109375 0.3177083333333333 0.8603515625 0.3151041666666667 0.8583984375 0.3151041666666667 0.8564453125 0.3138020833333333 0.85546875 0.3059895833333333 0.85546875 0.3033854166666667 0.857421875 0.2955729166666667 0.857421875 0.29296875 0.859375 0.2825520833333333 0.859375 0.2799479166666667 0.861328125 0.2669270833333333 0.861328125 0.2643229166666667 0.86328125 0.25390625 0.86328125 0.2513020833333333 0.865234375 0.24348958333333334 0.865234375 0.24088541666666666 0.8671875 0.23307291666666666 0.8671875 0.22916666666666666 0.8701171875 0.22916666666666666 0.8798828125 0.23177083333333334 0.8818359375 0.23177083333333334 0.8857421875 0.23307291666666666 0.88671875 0.24869791666666666 0.88671875 0.25 0.8857421875 0.2513020833333333 0.884765625 0.26171875 0.884765625 0.2643229166666667 0.8828125 0.2747395833333333 0.8828125