0 0.33984375 0.2591145833333333 0.341796875 0.2565104166666667 0.341796875 0.22265625 0.34375 0.22005208333333334 0.34375 0.20963541666666666 0.341796875 0.20703125 0.341796875 0.20442708333333334 0.3388671875 0.19791666666666666 0.3291015625 0.19791666666666666 0.3271484375 0.1953125 0.3193359375 0.1953125 0.31640625 0.19921875 0.31640625 0.22005208333333334 0.314453125 0.22265625 0.314453125 0.24869791666666666 0.3125 0.2513020833333333 0.3125 0.2747395833333333 0.310546875 0.27734375 0.310546875 0.3111979166666667 0.30859375 0.3138020833333333 0.30859375 0.31640625 0.310546875 0.3190104166666667 0.310546875 0.32421875 0.3173828125 0.3307291666666667 0.3349609375 0.3307291666666667 0.3359375 0.3294270833333333 0.337890625 0.3268229166666667 0.337890625 0.2955729166666667 0.33984375 0.29296875 0.33984375 0.2591145833333333
0 0.404296875 0.19661458333333334 0.404296875 0.20963541666666666 0.40234375 0.21223958333333334 0.40234375 0.28515625 0.400390625 0.2877604166666667 0.400390625 0.2903645833333333 0.40234375 0.29296875 0.40234375 0.30859375 0.400390625 0.3111979166666667 0.400390625 0.31640625 0.40234375 0.3190104166666667 0.40234375 0.3294270833333333 0.4033203125 0.3307291666666667 0.4248046875 0.3307291666666667 0.42578125 0.3294270833333333 0.42578125 0.19921875 0.4228515625 0.1953125 0.4052734375 0.1953125 0.404296875 0.19661458333333334
0 0.5 0.2721354166666667 0.501953125 0.26953125 0.501953125 0.24348958333333334 0.50390625 0.24088541666666666 0.50390625 0.21223958333333334 0.505859375 0.20963541666666666 0.505859375 0.19401041666666666 0.5029296875 0.19010416666666666 0.4833984375 0.19010416666666666 0.482421875 0.19140625 0.482421875 0.20963541666666666 0.48046875 0.21223958333333334 0.48046875 0.23828125 0.478515625 0.24088541666666666 0.478515625 0.2643229166666667 0.4765625 0.2669270833333333 0.4765625 0.2903645833333333 0.474609375 0.29296875 0.474609375 0.3216145833333333 0.4755859375 0.3229166666666667 0.4853515625 0.3229166666666667 0.4873046875 0.3255208333333333 0.4951171875 0.3255208333333333 0.49609375 0.32421875 0.498046875 0.3216145833333333 0.498046875 0.3059895833333333 0.5 0.3033854166666667 0.5 0.2721354166666667
0 0.591796875 0.20442708333333334 0.591796875 0.19401041666666666 0.5908203125 0.19270833333333334 0.5712890625 0.19270833333333334 0.5703125 0.19401041666666666 0.5703125 0.19921875 0.568359375 0.20182291666666666 0.568359375 0.32421875 0.5712890625 0.328125 0.5908203125 0.328125 0.591796875 0.3268229166666667 0.591796875 0.3216145833333333 0.59375 0.3190104166666667 0.59375 0.20703125 0.591796875 0.20442708333333334
0 0.66796875 0.19921875 0.6669921875 0.19791666666666666 0.6455078125 0.19791666666666666 0.642578125 0.20442708333333334 0.642578125 0.21223958333333334 0.640625 0.21484375 0.640625 0.22265625 0.642578125 0.22526041666666666 0.642578125 0.3294270833333333 0.6455078125 0.3333333333333333 0.6650390625 0.3333333333333333 0.666015625 0.33203125 0.669921875 0.32421875 0.669921875 0.24609375 0.66796875 0.24348958333333334 0.66796875 0.19921875
0 0.763671875 0.5247395833333334 0.76171875 0.5221354166666666 0.76171875 0.4986979166666667 0.759765625 0.49609375 0.759765625 0.47265625 0.7578125 0.4700520833333333 0.7578125 0.4388020833333333 0.755859375 0.4361979166666667 0.755859375 0.4127604166666667 0.75390625 0.41015625 0.75390625 0.3997395833333333 0.7529296875 0.3984375 0.7294921875 0.3984375 0.728515625 0.40234375 0.724609375 0.4075520833333333 0.724609375 0.4361979166666667 0.7265625 0.4388020833333333 0.7265625 0.4674479166666667 0.728515625 0.4700520833333333 0.728515625 0.4934895833333333 0.73046875 0.49609375 0.73046875 0.5299479166666666 0.7333984375 0.5364583333333334 0.7548828125 0.5364583333333334 0.755859375 0.53515625 0.7568359375 0.5338541666666666 0.7607421875 0.5338541666666666 0.763671875 0.5299479166666666 0.763671875 0.5247395833333334
0 0.673828125 0.51171875 0.671875 0.5091145833333334 0.671875 0.4153645833333333 0.669921875 0.4127604166666667 0.669921875 0.3919270833333333 0.6650390625 0.3880208333333333 0.6494140625 0.3880208333333333 0.64453125 0.39453125 0.64453125 0.3971354166666667 0.642578125 0.3997395833333333 0.642578125 0.4309895833333333 0.64453125 0.43359375 0.64453125 0.5247395833333334 0.6474609375 0.5286458333333334 0.6669921875 0.5286458333333334 0.66796875 0.52734375 0.671875 0.5221354166666666 0.671875 0.51953125 0.673828125 0.5169270833333334 0.673828125 0.51171875
0 0.5673828125 0.3932291666666667 0.56640625 0.39453125 0.56640625 0.40234375 0.564453125 0.4049479166666667 0.564453125 0.5299479166666666 0.5693359375 0.5338541666666666 0.5849609375 0.5338541666666666 0.5859375 0.5325520833333334 0.58984375 0.5299479166666666 0.58984375 0.39453125 0.5888671875 0.3932291666666667 0.5673828125 0.3932291666666667
0 0.5009765625 0.3880208333333333 0.4931640625 0.3880208333333333 0.4912109375 0.390625 0.4814453125 0.390625 0.48046875 0.3919270833333333 0.48046875 0.4674479166666667 0.482421875 0.4700520833333333 0.482421875 0.5247395833333334 0.4853515625 0.5286458333333334 0.5048828125 0.5286458333333334 0.505859375 0.52734375 0.505859375 0.4440104166666667 0.50390625 0.44140625 0.50390625 0.3919270833333333 0.5009765625 0.3880208333333333
0 0.390625 0.3997395833333333 0.390625 0.5325520833333334 0.3935546875 0.5364583333333334 0.4150390625 0.5364583333333334 0.416015625 0.53515625 0.416015625 0.40234375 0.4130859375 0.3984375 0.3916015625 0.3984375 0.390625 0.3997395833333333
0 0.330078125 0.4388020833333333 0.33203125 0.4361979166666667 0.33203125 0.4153645833333333 0.3271484375 0.40625 0.3037109375 0.40625 0.302734375 0.4075520833333333 0.302734375 0.44140625 0.30078125 0.4440104166666667 0.30078125 0.4934895833333333 0.298828125 0.49609375 0.298828125 0.5403645833333334 0.3017578125 0.5442708333333334 0.3232421875 0.5442708333333334 0.3251953125 0.546875 0.326171875 0.5455729166666666 0.328125 0.54296875 0.328125 0.4908854166666667 0.330078125 0.48828125 0.330078125 0.4388020833333333
0 0.240234375 0.5065104166666666 0.240234375 0.48828125 0.2421875 0.4856770833333333 0.2421875 0.46484375 0.244140625 0.4622395833333333 0.244140625 0.44140625 0.24609375 0.4388020833333333 0.24609375 0.4205729166666667 0.248046875 0.41796875 0.248046875 0.4127604166666667 0.2392578125 0.4010416666666667 0.2197265625 0.4010416666666667 0.216796875 0.4049479166666667 0.216796875 0.41796875 0.21484375 0.4205729166666667 0.21484375 0.4361979166666667 0.212890625 0.4388020833333333 0.212890625 0.45703125 0.2109375 0.4596354166666667 0.2109375 0.4778645833333333 0.208984375 0.48046875 0.208984375 0.4986979166666667 0.20703125 0.5013020833333334 0.20703125 0.5221354166666666 0.205078125 0.5247395833333334 0.205078125 0.5325520833333334 0.2080078125 0.5364583333333334 0.2177734375 0.5364583333333334 0.2197265625 0.5390625 0.2353515625 0.5390625 0.236328125 0.5377604166666666 0.236328125 0.5325520833333334 0.23828125 0.5299479166666666 0.23828125 0.5091145833333334 0.240234375 0.5065104166666666
0 0.228515625 0.7122395833333334 0.23046875 0.7096354166666666 0.23046875 0.6888020833333334 0.232421875 0.6861979166666666 0.232421875 0.66015625 0.234375 0.6575520833333334 0.234375 0.6263020833333334 0.2333984375 0.625 0.2255859375 0.625 0.2236328125 0.6223958333333334 0.2060546875 0.6223958333333334 0.201171875 0.62890625 0.203125 0.6315104166666666 0.201171875 0.6341145833333334 0.201171875 0.6471354166666666 0.19921875 0.6497395833333334 0.19921875 0.67578125 0.197265625 0.6783854166666666 0.197265625 0.7018229166666666 0.1953125 0.7044270833333334 0.1953125 0.7278645833333334 0.193359375 0.73046875 0.193359375 0.7669270833333334 0.1982421875 0.7708333333333334 0.2001953125 0.7682291666666666 0.2021484375 0.7708333333333334 0.2197265625 0.7708333333333334 0.220703125 0.76953125 0.2265625 0.7669270833333334 0.2265625 0.7356770833333334 0.228515625 0.7330729166666666 0.228515625 0.7122395833333334
0 0.314453125 0.7252604166666666 0.31640625 0.72265625 0.31640625 0.6966145833333334 0.318359375 0.6940104166666666 0.318359375 0.6653645833333334 0.3203125 0.6627604166666666 0.3203125 0.6315104166666666 0.3173828125 0.6276041666666666 0.2998046875 0.6276041666666666 0.2978515625 0.625 0.2958984375 0.625 0.291015625 0.62890625 0.291015625 0.6393229166666666 0.2890625 0.6419270833333334 0.2890625 0.6731770833333334 0.287109375 0.67578125 0.287109375 0.7018229166666666 0.28515625 0.7044270833333334 0.28515625 0.7278645833333334 0.283203125 0.73046875 0.283203125 0.7721354166666666 0.2841796875 0.7734375 0.2998046875 0.7734375 0.3017578125 0.7760416666666666 0.3056640625 0.7760416666666666 0.306640625 0.7747395833333334 0.3076171875 0.7734375 0.3115234375 0.7734375 0.314453125 0.76953125 0.314453125 0.7252604166666666
0 0.412109375 0.6315104166666666 0.4091796875 0.6276041666666666 0.3935546875 0.6276041666666666 0.3916015625 0.6302083333333334 0.3876953125 0.6302083333333334 0.384765625 0.6341145833333334 0.384765625 0.7747395833333334 0.3896484375 0.7786458333333334 0.390625 0.77734375 0.3916015625 0.7760416666666666 0.4111328125 0.7760416666666666 0.412109375 0.7747395833333334 0.412109375 0.6315104166666666
0 0.478515625 0.6315104166666666 0.478515625 0.7721354166666666 0.4814453125 0.7760416666666666 0.5029296875 0.7760416666666666 0.50390625 0.7747395833333334 0.50390625 0.6315104166666666 0.5029296875 0.6302083333333334 0.4794921875 0.6302083333333334 0.478515625 0.6315104166666666
0 0.59375 0.75390625 0.591796875 0.7513020833333334 0.591796875 0.71484375 0.58984375 0.7122395833333334 0.58984375 0.67578125 0.587890625 0.6731770833333334 0.587890625 0.63671875 0.5859375 0.6341145833333334 0.5859375 0.6263020833333334 0.5849609375 0.625 0.5732421875 0.625 0.5712890625 0.6276041666666666 0.5615234375 0.6276041666666666 0.560546875 0.62890625 0.560546875 0.6393229166666666 0.5625 0.6419270833333334 0.5625 0.6783854166666666 0.564453125 0.6809895833333334 0.564453125 0.73046875 0.56640625 0.7330729166666666 0.56640625 0.7669270833333334 0.5693359375 0.7734375 0.5849609375 0.7734375 0.5859375 0.7721354166666666 0.5869140625 0.7708333333333334 0.5927734375 0.7708333333333334 0.59375 0.76953125 0.59375 0.75390625
0 0.685546875 0.7408854166666666 0.68359375 0.73828125 0.68359375 0.7122395833333334 0.681640625 0.7096354166666666 0.681640625 0.68359375 0.6796875 0.6809895833333334 0.6796875 0.6549479166666666 0.677734375 0.65234375 0.677734375 0.62890625 0.6748046875 0.625 0.6533203125 0.625 0.6484375 0.62890625 0.6484375 0.65234375 0.650390625 0.6549479166666666 0.650390625 0.6809895833333334 0.65234375 0.68359375 0.65234375 0.7122395833333334 0.654296875 0.71484375 0.654296875 0.74609375 0.65625 0.7486979166666666 0.65625 0.76953125 0.6572265625 0.7708333333333334 0.6611328125 0.7708333333333334 0.6630859375 0.7734375 0.6689453125 0.7734375 0.669921875 0.7721354166666666 0.6708984375 0.7708333333333334 0.6845703125 0.7708333333333334 0.685546875 0.76953125 0.685546875 0.7408854166666666
0 0.775390625 0.7330729166666666 0.7734375 0.73046875 0.7734375 0.6888020833333334 0.771484375 0.6861979166666666 0.771484375 0.6627604166666666 0.76953125 0.66015625 0.76953125 0.62890625 0.7666015625 0.625 0.7431640625 0.625 0.7412109375 0.6276041666666666 0.7392578125 0.6276041666666666 0.736328125 0.6341145833333334 0.73828125 0.63671875 0.73828125 0.6731770833333334 0.740234375 0.67578125 0.740234375 0.7200520833333334 0.7421875 0.72265625 0.7421875 0.7669270833333334 0.7451171875 0.7708333333333334 0.7548828125 0.7708333333333334 0.7568359375 0.7734375 0.7607421875 0.7734375 0.76171875 0.7721354166666666 0.7626953125 0.7708333333333334 0.7744140625 0.7708333333333334 0.775390625 0.76953125 0.775390625 0.7330729166666666