0 0.8932291666666666 0.5126953125 0.88671875 0.5078125 0.87890625 0.5078125 0.8763020833333334 0.505859375 0.8684895833333334 0.505859375 0.8658854166666666 0.50390625 0.8606770833333334 0.50390625 0.8580729166666666 0.501953125 0.8502604166666666 0.501953125 0.84765625 0.5 0.83984375 0.5 0.8359375 0.5048828125 0.8359375 0.5068359375 0.8333333333333334 0.5087890625 0.8424479166666666 0.513671875 0.8502604166666666 0.513671875 0.8528645833333334 0.515625 0.8606770833333334 0.515625 0.86328125 0.517578125 0.8684895833333334 0.517578125 0.87109375 0.51953125 0.8763020833333334 0.51953125 0.8776041666666666 0.5205078125 0.87890625 0.521484375 0.88671875 0.521484375 0.890625 0.5185546875 0.890625 0.5146484375 0.8932291666666666 0.5126953125
0 0.8763020833333334 0.5390625 0.8841145833333334 0.5390625 0.88671875 0.537109375 0.89453125 0.537109375 0.9036458333333334 0.5322265625 0.9036458333333334 0.5263671875 0.8971354166666666 0.5234375 0.8815104166666666 0.5234375 0.87890625 0.525390625 0.8736979166666666 0.525390625 0.87109375 0.52734375 0.86328125 0.52734375 0.8606770833333334 0.529296875 0.85546875 0.529296875 0.8489583333333334 0.5322265625 0.8489583333333334 0.5361328125 0.8463541666666666 0.5380859375 0.8515625 0.5419921875 0.8528645833333334 0.54296875 0.86328125 0.54296875 0.8658854166666666 0.541015625 0.8736979166666666 0.541015625 0.8763020833333334 0.5390625
0 0.52734375 0.625 0.5325520833333334 0.62109375 0.5403645833333334 0.619140625 0.54296875 0.6171875 0.5455729166666666 0.6171875 0.5481770833333334 0.615234375 0.55078125 0.615234375 0.5572916666666666 0.6103515625 0.5546875 0.6044921875 0.5481770833333334 0.599609375 0.5455729166666666 0.599609375 0.5325520833333334 0.60546875 0.5299479166666666 0.60546875 0.52734375 0.607421875 0.5247395833333334 0.607421875 0.5221354166666666 0.609375 0.51953125 0.609375 0.5169270833333334 0.611328125 0.5143229166666666 0.611328125 0.51171875 0.61328125 0.5091145833333334 0.61328125 0.5065104166666666 0.615234375 0.50390625 0.615234375 0.4973958333333333 0.6201171875 0.4973958333333333 0.6279296875 0.5013020833333334 0.630859375 0.5052083333333334 0.6318359375 0.5065104166666666 0.6328125 0.51953125 0.626953125 0.5221354166666666 0.626953125 0.5247395833333334 0.625 0.52734375 0.625
0 0.6692708333333334 0.5458984375 0.6692708333333334 0.5419921875 0.6614583333333334 0.5322265625 0.6614583333333334 0.5302734375 0.65625 0.5263671875 0.65625 0.5244140625 0.6536458333333334 0.5224609375 0.6536458333333334 0.5205078125 0.65234375 0.51953125 0.6419270833333334 0.51953125 0.6380208333333334 0.5244140625 0.6380208333333334 0.5283203125 0.6432291666666666 0.5322265625 0.6458333333333334 0.5380859375 0.6484375 0.5400390625 0.6484375 0.5439453125 0.65625 0.5537109375 0.66015625 0.5546875 0.6627604166666666 0.552734375 0.66796875 0.552734375 0.671875 0.5478515625 0.6692708333333334 0.5458984375
0 0.6653645833333334 0.484375 0.66015625 0.484375 0.6575520833333334 0.482421875 0.6471354166666666 0.482421875 0.64453125 0.48046875 0.63671875 0.48046875 0.6341145833333334 0.478515625 0.62890625 0.478515625 0.6263020833333334 0.4765625 0.62109375 0.4765625 0.6171875 0.4794921875 0.6171875 0.4814453125 0.6145833333333334 0.4833984375 0.6145833333333334 0.4873046875 0.6158854166666666 0.48828125 0.6184895833333334 0.48828125 0.62109375 0.490234375 0.62890625 0.490234375 0.6315104166666666 0.4921875 0.6393229166666666 0.4921875 0.6419270833333334 0.494140625 0.6497395833333334 0.494140625 0.6510416666666666 0.4951171875 0.65234375 0.49609375 0.6653645833333334 0.49609375 0.6692708333333334 0.4912109375 0.6692708333333334 0.4873046875 0.6653645833333334 0.484375
0 0.6471354166666666 0.44921875 0.65234375 0.44921875 0.6549479166666666 0.447265625 0.6627604166666666 0.447265625 0.6653645833333334 0.4453125 0.6705729166666666 0.4453125 0.671875 0.4443359375 0.671875 0.4365234375 0.66796875 0.43359375 0.6627604166666666 0.43359375 0.66015625 0.435546875 0.6497395833333334 0.435546875 0.6419270833333334 0.439453125 0.6341145833333334 0.439453125 0.625 0.4443359375 0.625 0.4501953125 0.6276041666666666 0.4521484375 0.62890625 0.453125 0.6341145833333334 0.453125 0.63671875 0.451171875 0.64453125 0.451171875 0.6471354166666666 0.44921875
0 0.5846354166666666 0.388671875 0.58203125 0.388671875 0.57421875 0.3828125 0.5638020833333334 0.3828125 0.5598958333333334 0.3857421875 0.5598958333333334 0.3896484375 0.5833333333333334 0.4033203125 0.5846354166666666 0.404296875 0.5924479166666666 0.404296875 0.5963541666666666 0.4013671875 0.5963541666666666 0.3955078125 0.5846354166666666 0.388671875
0 0.5234375 0.4189453125 0.5234375 0.4130859375 0.5130208333333334 0.4033203125 0.5130208333333334 0.4013671875 0.5091145833333334 0.396484375 0.5013020833333334 0.396484375 0.4973958333333333 0.3994140625 0.4973958333333333 0.4052734375 0.5026041666666666 0.4091796875 0.5052083333333334 0.4150390625 0.5078125 0.4169921875 0.5078125 0.4189453125 0.5104166666666666 0.4208984375 0.51171875 0.421875 0.5169270833333334 0.421875 0.51953125 0.419921875 0.5221354166666666 0.419921875 0.5234375 0.4189453125
0 0.4127604166666667 0.474609375 0.4153645833333333 0.47265625 0.4231770833333333 0.47265625 0.4270833333333333 0.4697265625 0.4270833333333333 0.4658203125 0.4231770833333333 0.4609375 0.41015625 0.4609375 0.4075520833333333 0.462890625 0.39453125 0.462890625 0.3919270833333333 0.46484375 0.3815104166666667 0.46484375 0.375 0.4677734375 0.375 0.4755859375 0.3776041666666667 0.4775390625 0.3815104166666667 0.478515625 0.3841145833333333 0.4765625 0.3971354166666667 0.4765625 0.3997395833333333 0.474609375 0.4127604166666667 0.474609375
0 0.3515625 0.3525390625 0.34765625 0.349609375 0.30859375 0.349609375 0.3072916666666667 0.3505859375 0.3072916666666667 0.3583984375 0.30859375 0.359375 0.3372395833333333 0.359375 0.3385416666666667 0.3603515625 0.3424479166666667 0.361328125 0.3450520833333333 0.359375 0.3502604166666667 0.359375 0.3515625 0.3583984375 0.3515625 0.3525390625
0 0.46875 0.3447265625 0.46875 0.3388671875 0.46484375 0.3359375 0.43359375 0.3359375 0.4270833333333333 0.3388671875 0.4270833333333333 0.3447265625 0.4296875 0.3466796875 0.4309895833333333 0.34765625 0.44921875 0.34765625 0.4518229166666667 0.345703125 0.4674479166666667 0.345703125 0.46875 0.3447265625
0 0.3515625 0.3056640625 0.3463541666666667 0.3017578125 0.3450520833333333 0.298828125 0.3372395833333333 0.298828125 0.3333333333333333 0.3017578125 0.3333333333333333 0.3037109375 0.3359375 0.3056640625 0.3359375 0.3095703125 0.3424479166666667 0.31640625 0.3463541666666667 0.3173828125 0.34765625 0.318359375 0.3541666666666667 0.3154296875 0.3541666666666667 0.3095703125 0.3515625 0.3076171875 0.3515625 0.3056640625
0 0.44921875 0.3046875 0.4440104166666667 0.3046875 0.44140625 0.302734375 0.4361979166666667 0.302734375 0.43359375 0.30078125 0.4231770833333333 0.30078125 0.4192708333333333 0.3037109375 0.4192708333333333 0.3076171875 0.4205729166666667 0.30859375 0.4401041666666667 0.3134765625 0.44140625 0.314453125 0.4544270833333333 0.314453125 0.4557291666666667 0.3134765625 0.4557291666666667 0.3076171875 0.44921875 0.3046875
0 0.484375 0.2978515625 0.484375 0.2958984375 0.4752604166666667 0.2890625 0.4700520833333333 0.2890625 0.46875 0.2900390625 0.46875 0.2939453125 0.4661458333333333 0.2958984375 0.46875 0.2978515625 0.46875 0.2998046875 0.4765625 0.3056640625 0.4778645833333333 0.306640625 0.4856770833333333 0.306640625 0.4869791666666667 0.3056640625 0.4869791666666667 0.2998046875 0.484375 0.2978515625
0 0.53515625 0.28515625 0.5403645833333334 0.28515625 0.5442708333333334 0.2822265625 0.5442708333333334 0.2802734375 0.5403645833333334 0.27734375 0.5299479166666666 0.27734375 0.52734375 0.279296875 0.51953125 0.279296875 0.5169270833333334 0.28125 0.51171875 0.28125 0.5078125 0.2841796875 0.5078125 0.2880859375 0.5091145833333334 0.2890625 0.51953125 0.2890625 0.5221354166666666 0.287109375 0.5325520833333334 0.287109375 0.53515625 0.28515625
0 0.4908854166666667 0.248046875 0.4856770833333333 0.248046875 0.4830729166666667 0.24609375 0.4752604166666667 0.24609375 0.47265625 0.244140625 0.4661458333333333 0.2490234375 0.4661458333333333 0.2509765625 0.4700520833333333 0.25390625 0.4752604166666667 0.25390625 0.4778645833333333 0.255859375 0.4856770833333333 0.255859375 0.4869791666666667 0.2568359375 0.48828125 0.2578125 0.49609375 0.2578125 0.4973958333333333 0.2568359375 0.4973958333333333 0.2509765625 0.4908854166666667 0.248046875
0 0.3997395833333333 0.244140625 0.40234375 0.244140625 0.4036458333333333 0.2431640625 0.4036458333333333 0.2373046875 0.40234375 0.236328125 0.3971354166666667 0.236328125 0.3841145833333333 0.2421875 0.3815104166666667 0.2421875 0.3776041666666667 0.2470703125 0.3802083333333333 0.2490234375 0.3815104166666667 0.25 0.38671875 0.25 0.3893229166666667 0.248046875 0.39453125 0.248046875 0.3997395833333333 0.244140625
0 0.2799479166666667 0.271484375 0.28515625 0.271484375 0.2890625 0.2685546875 0.2890625 0.2666015625 0.2825520833333333 0.26171875 0.2799479166666667 0.26171875 0.27734375 0.263671875 0.26953125 0.263671875 0.2669270833333333 0.265625 0.2591145833333333 0.265625 0.2526041666666667 0.2685546875 0.2526041666666667 0.2744140625 0.25390625 0.275390625 0.2669270833333333 0.275390625 0.26953125 0.2734375 0.27734375 0.2734375 0.2799479166666667 0.271484375
0 0.22005208333333334 0.2421875 0.21223958333333334 0.240234375 0.20963541666666666 0.23828125 0.20703125 0.23828125 0.203125 0.2412109375 0.203125 0.2451171875 0.21354166666666666 0.2509765625 0.21484375 0.251953125 0.22526041666666666 0.251953125 0.2265625 0.2509765625 0.2265625 0.2470703125 0.22005208333333334 0.2421875