3 0.6267361109375 0.6158234125 0.6299603171875 0.6165674609375 0.658978175 0.6046626984375 0.6664186515625 0.5989583328125 0.67509920625 0.5900297625 0.677579365625 0.5870535718750001 0.67782738125 0.5845734125 0.671875 0.5768849203124999 0.6629464281249999 0.5679563484375 0.659226190625 0.565228175 0.656001984375 0.5647321421875 0.624255953125 0.5744047625 0.605902778125 0.593005953125 0.605902778125 0.5954861109375 0.6083829359374999 0.5992063484375 0.6180555562500001 0.609126984375 0.6267361109375 0.6158234125
0 0.4895833328125 0.6579861109375 0.5014880953125 0.659722221875 0.531994046875 0.6609623015625 0.5352182546875001 0.65947420625 0.5359623015625 0.6545138890625 0.5424107140625 0.6552579359374999 0.5456349203124999 0.6522817453124999 0.5456349203124999 0.6388888890625 0.543402778125 0.6197916671875 0.5416666671875 0.6140873015625 0.5399305562500001 0.6130952375 0.5069444437499999 0.611855159375 0.43799603125 0.6116071421875 0.4293154765625 0.6140873015625 0.42385912656249997 0.6173115078125 0.42633928593750003 0.6520337296875 0.4295634921875 0.6547619046875 0.45907738125 0.6577380953125 0.4895833328125 0.6579861109375
4 0.580605159375 0.5644841265625 0.5922619046875 0.55927579375 0.5920138890625 0.5550595234375 0.5895337296875 0.547619046875 0.5890376984375 0.540674603125 0.5873015875 0.5394345234375 0.5835813484375 0.5329861109375 0.5696924609375 0.5364583328125 0.5491071421875 0.54365079375 0.5488591265625 0.5456349203124999 0.552579365625 0.5585317453124999 0.5575396828125 0.5701884921875 0.580605159375 0.5644841265625
3 0.33517288125 0.54992963125 0.32301320312500004 0.56601935625 0.3500782890625 0.5966290671875 0.36558579999999996 0.591950925 0.375770521875 0.5756339453125 0.3506666671875 0.5444355812499999 0.33517288125 0.54992963125
3 0.20429009531250003 0.45602454843749995 0.226717021875 0.4602184703125 0.29380634843750003 0.45495434843749993 0.2954649859375 0.42834467031249995 0.2763916234375 0.42310226875 0.20575727968750002 0.4243604421875 0.20429009531250003 0.45602454843749995
3 0.37993275625 0.4390391703125 0.32334143437499996 0.428973765625 0.318730296875 0.45916998906249995 0.32132057812500003 0.46386371718749997 0.38056155468749997 0.4746875015625 0.3853822703125 0.44470096562499994 0.37993275625 0.4390391703125
0 0.725738096875 0.5013157921875 0.715258225 0.5055097140625 0.6815130421875 0.5399240421875 0.7911588140625 0.651746603125 0.8322135968750001 0.6221007281250001 0.836195934375 0.6145516734375 0.725738096875 0.5013157921875
1 0.43569918124999996 0.44173500624999995 0.4327449234375 0.4713246625 0.45929843437500006 0.47933661875 0.4789644453125 0.47408987812500003 0.48158654062500006 0.44741896875 0.4789644453125 0.44173500624999995 0.4501209359375 0.438237184375 0.43569918124999996 0.44173500624999995
0 0.319420125 0.45807729375 0.32198676875 0.4328658109375 0.3243200671875 0.4291307796875 0.359319546875 0.43543364375 0.359086203125 0.42773013750000005 0.257121040625 0.40135145625 0.23985464531249998 0.40111802343749997 0.2377546734375 0.40251865468750003 0.23565470156249999 0.423528225 0.274154128125 0.42329478906249995 0.2958538125 0.42796358124999995 0.2944538203125 0.4543422625 0.275320778125 0.45761041249999995 0.3352865640625 0.47371777187499997 0.35185296250000003 0.4723171203125 0.3525927265625 0.4691292390625 0.33621986875 0.46694800000000003 0.321753425 0.46414673124999994 0.319420125 0.45807729375
3 0 0.45839158593749996 0.023282978125 0.4602184703125 0.045709904687500004 0.45602454843749995 0.0442427203125 0.4243604421875 0 0.42357236875000004 0 0.45839158593749996
0 1 0.5261878890625 0.913804065625 0.6145516734375 0.9177864031249999 0.6221007281250001 0.9588411859375 0.651746603125 1 0.6097706656249999 1 0.5261878890625