4 0.4627513875 0.3011187421875 0.46553023437499996 0.3233600109375 0.499744284375 0.3382657875 0.51647588125 0.310385946875 0.5178653234375 0.286291203125 0.4817402140625 0.268220146875 0.4627513875 0.3011187421875
3 0.34255618125 0.159499065625 0.3416298765625 0.1979579609375 0.3647869890625 0.269315440625 0.40091209843750003 0.268388715625 0.401375234375 0.23456342343749997 0.38516525625 0.15810898906249998 0.34255618125 0.159499065625
3 0.310599359375 0.173863225 0.28234768906249996 0.2113954140625 0.27076913281250004 0.231783253125 0.2809582484375 0.2535612203125 0.3121405265625 0.2682038890625 0.3471876046875 0.2188091703125 0.340240471875 0.1961045125 0.34255618125 0.1891541078125 0.310599359375 0.173863225
3 0.43044783906250006 0.12132431562499998 0.39264475781249997 0.115020828125 0.384718303125 0.1591451828125 0.3871572203125 0.1642286328125 0.396099871875 0.208556321875 0.4017604453125 0.23280198749999997 0.415001421875 0.23435164375 0.42638299062499996 0.1772422703125 0.43227702343749996 0.1384047015625 0.43044783906250006 0.12132431562499998
3 0.3845150640625 0.119639934375 0.3822794 0.1123197703125 0.38207616093749996 0.0903592640625 0.3556546515625 0.0708388078125 0.3095186203125 0.1135974640625 0.3089088953125 0.116647534375 0.31256725625000004 0.13332125 0.3145996796875 0.1337279296875 0.32130667812499997 0.13860804375 0.32578599218750004 0.1505829921875 0.342240640625 0.1617309171875 0.34386658593749997 0.1592908515625 0.3845150640625 0.119639934375
1 0.42623231562499997 0.11959445625000001 0.425868921875 0.1035974109375 0.42623231562499997 0.0770568421875 0.4244153234375 0.0763297046875 0.3866219078125 0.0750572125 0.38262451875000003 0.090508909375 0.38335131875 0.12159408437500001 0.3835553859375 0.12066826875 0.39080098125 0.1221394375 0.39279966875 0.11504983906249999 0.42514213749999996 0.119230884375 0.42623231562499997 0.11959445625000001
2 0.31684844375 0.176771075 0.3295465515625 0.1606124375 0.3211773203125 0.1378172359375 0.2882776640625 0.123101340625 0.2068942984375 0.217167640625 0.21728366562499998 0.24111703437499998 0.2529345015625 0.258429853125 0.27211642812500003 0.234191934375 0.26865329843749997 0.2284209875 0.31049937031249997 0.1733085140625 0.31684844375 0.176771075
0 0.6832225453125 0.7174155984375 0.6801864484375 0.6364112484375 0.446232346875 0.623704671875 0.4421886921875 0.708030059375 0.6832225453125 0.7174155984375
0 0.679680890625 0.6387215234375 0.6126718343750001 0.6329458156250001 0.6149824828125 0.626014978125 0.5514393984375 0.5930934171875 0.53122111875 0.6277476734375 0.44514914843750003 0.62428225 0.441683134375 0.7074524890625 0.48731863124999997 0.70976280625 0.43821716093749996 0.7992863140625001 0.5086922328125 0.842604165625 0.5728129609375 0.7143833578125001 0.6825692234375 0.7178487703124999 0.679680890625 0.6387215234375
0 0.66466159375 0.5936709765625 0.656574321875 0.5942485750000001 0.6334677125 0.6306355390625 0.6785255671875 0.6358336796875 0.681991540625 0.718426359375 0.5895652640625 0.7166936328125 0.5519694953125 0.791489103125 0.6207591046875 0.837983575 0.7264717109375 0.632368246875 0.7264717109375 0.6294803812499999 0.66466159375 0.5936709765625
0 0.7246624234375 0.4949063140625 0.7200410859375 0.485665171875 0.4872423078125 0.4804670296875 0.4837439 0.566669521875 0.7165751109375 0.5699905578125 0.725817746875 0.56421485 0.7246624234375 0.4949063140625
0 0.48608698281249996 0.483354875 0.673250265625 0.48219975625 0.65707568125 0.43021834999999997 0.46760175156250006 0.46949318125 0.45200481249999996 0.47584645937500003 0.4704900828125 0.550353134375 0.4831986921875 0.5468877203125 0.48435401562499997 0.538801715625 0.48608698281249996 0.483354875
0 0.7275077640625 0.5479231453125 0.7839222125 0.53656091875 0.8090855375 0.52114075625 0.7965038468750001 0.48137297187500006 0.7218257265625 0.4939525609375 0.7274897828125 0.5481568718750001 0.7275077640625 0.5479231453125
2 0 0.257004796875 0.032716334375 0.24111703437499998 0.0431057015625 0.217167640625 0 0.1673442671875 0 0.257004796875
0 1 0.4892065828125 0.9534961531249999 0.48137297187500006 0.9409144625 0.52114075625 0.9660777875000001 0.53656091875 1 0.5433930671875 1 0.4892065828125