4 0.557481978125 0.1073199234375 0.5486575890625 0.08713145624999999 0.5293117875 0.08713145624999999 0.5170933843750001 0.10273934843750002 0.5170933843750001 0.10511446718749999 0.5260830640624999 0.1255366953125 0.5435665859375 0.12632083593750001 0.5508636734375 0.11749898125 0.557481978125 0.1073199234375
0 0.5715604375 0.3486137609375 0.5764258375 0.347713015625 0.578588240625 0.34627183125 0.58453485 0.3388857515625 0.5758852421875 0.21819661875000002 0.5753446453125 0.21585469218750003 0.53515995625 0.2131524640625 0.529216353125 0.226800021875 0.5366015749999999 0.34537109374999997 0.5382233640625 0.347713015625 0.5715604375 0.3486137609375
0 0.7766135656250001 0.3300942515625 0.7737929125 0.3439584765625 0.774968190625 0.346543328125 0.8491560125 0.393184209375 0.875 0.38273130312500003 0.875 0.3622874453125 0.8034097796875 0.3152900875 0.7766135656250001 0.3300942515625
2 0.76113546875 0.41781687031250003 0.767284859375 0.3972412015625 0.767159359375 0.3953592796875 0.7037830734375 0.359728253125 0.6890998546875 0.36349209375 0.6865899062499999 0.366503165625 0.6803002421875 0.3844754375 0.7435658109375 0.419196940625 0.7448207796874999 0.419196940625 0.76113546875 0.41781687031250003
3 0.771045090625 0.5147449625 0.7844268515625 0.47933289375 0.7647478000000001 0.46634847187500006 0.7486109828124999 0.47421781718749995 0.73680354375 0.5058919484375 0.7368077046875 0.508474271875 0.7471922921874999 0.516546409375 0.7568761859375 0.5210404453125 0.771045090625 0.5147449625
1 0.67645775 0.5109531140625 0.69165555625 0.4997579484375 0.6920555078125 0.4969591609375 0.67785754375 0.47376918281249997 0.656660575 0.4829652125 0.6414627687500001 0.4935606328125 0.6548184125 0.5166929515625001 0.6572605015625 0.518349915625 0.674258053125 0.5111530281250001 0.67645775 0.5109531140625
0 0.5640332484374999 0.50198695 0.5620335265625 0.49778876250000004 0.560033825 0.4959895421875 0.43665151562500004 0.501387209375 0.41145514375000003 0.5133820234375001 0.4128549265625 0.5333733796875 0.416372628125 0.5423188421875 0.541036553125 0.5333733796875 0.5674327625 0.52377753125 0.5640332484374999 0.50198695
0 0.40364467812499993 0.6989955250000001 0.4066442390625 0.6977960546875 0.5202279578125 0.6016856203125001 0.5192280984375001 0.5960880359375 0.49383176874999996 0.5585042796875 0.4816334859375 0.5617028984375 0.381247890625 0.6386665953125 0.3626207609375 0.65482275 0.36505020625 0.663210990625 0.39104648124999997 0.698395790625 0.40364467812499993 0.6989955250000001
0 0.45142754375000005 0.6982845 0.4447862359375 0.6962638140624999 0.43641239687500005 0.6991505124999999 0.3154248546875 0.8241445078125 0.31831238281249996 0.82876321875 0.3549840234375 0.8711976781249999 0.3620724171875 0.8728936140625001 0.48203538124999995 0.7384096015625 0.48290163281250004 0.73552290625 0.45142754375000005 0.6982845
0 0.4944517734375 0.8437740453125 0.60013536875 0.737254915625 0.5715488484375 0.6948204671875 0.5539348921875 0.6994391828125 0.551336109375 0.7072332671875 0.5435397921875 0.707810603125 0.44961628906250006 0.79572865625 0.47828158906249996 0.8397326859375 0.48550041562499996 0.8426193796874999 0.4944517734375 0.8437740453125
3 0.4642875015625 0.6660066515625 0.4603728546875 0.692178321875 0.5393998578125 0.7073432125 0.55138849375 0.7068540234375 0.553101146875 0.7000053625 0.5560553796875001 0.676911715625 0.4799461140625 0.6584242031249999 0.46795749999999997 0.659891775 0.4642875015625 0.6660066515625
4 0.5841736765625 0.6713877375 0.5795250375000001 0.6792147843749999 0.5758550625 0.7019621203125 0.58282045625 0.7097945234374999 0.6032576390625 0.7141918796875 0.6081509484375001 0.7090553828124999 0.61133158125 0.677013425 0.5841736765625 0.6713877375
3 0.6981260296875 0.5332340125 0.6979855125000001 0.53084619375 0.6853404859375 0.509355865625 0.6719929703124999 0.5148337921875 0.6333554140625 0.5349195234375 0.6195864015625 0.5418020453125 0.6195864015625 0.5439089390625 0.6299834125 0.56343283125 0.6351417234375 0.5648148171875 0.6391159203125001 0.56371375 0.647405434375 0.5599213390625 0.6981260296875 0.5332340125
0 0.875 0.38273130312500003 0.9008439875 0.393184209375 0.975031809375 0.346543328125 0.9762070875 0.3439584765625 0.9733864343749999 0.3300942515625 0.9465902203125 0.3152900875 0.875 0.3622874453125 0.875 0.38273130312500003
3 1 0.47354044375 0.9852522 0.46634847187500006 0.9655731484375 0.47933289375 0.9789549093750001 0.5147449625 0.9931238140625 0.5210404453125 1 0.5178493921875 1 0.47354044375