0 0.68399721875 0.7874019375 0.674551215625 0.8038619515625 0.7402106328125 0.8674947078124999 0.755485490625 0.8549338140625 0.874428475 0.69966513125 0.875 0.638429121875 0.841032621875 0.6080115796875 0.68399721875 0.7874019375
0 0.5208818328125 0.7007709828124999 0.600842428125 0.715799115625 0.605887053125 0.694246015625 0.6257791734375 0.47822155312500003 0.552621109375 0.4650923140625 0.5233314484375 0.680900890625 0.5208818328125 0.7007709828124999
0 0.47110527031249994 0.6020769875 0.3970836734375 0.534157403125 0.345126246875 0.5699808421875 0.41240699375 0.6439627875 0.4092260171875 0.6428921812499999 0.42269890937500004 0.7372552906250001 0.43432137031250007 0.734730775 0.4713167484375 0.7030267453125 0.47110527031249994 0.6020769875
0 0.40908943906250006 0.633560728125 0.3327724265625 0.5662227078125001 0.27839181874999996 0.6158230375 0.33346853906249996 0.7234872109375 0.3808527609375 0.7708846484375 0.42326725468750004 0.7355414390624999 0.40908943906250006 0.633560728125
0 0.2825640984375 0.3544189875 0.22840377968749997 0.3594944515625 0.2392332 0.438521021875 0.2851591046875 0.5707077968750001 0.32389476875 0.5630637593750001 0.3328164828125 0.5494102296875 0.2825640984375 0.3544189875
0 0.137829646875 0.3772762015625 0.125925215625 0.38967408125 0.1270530953125 0.467079321875 0.21710294062500002 0.5928248375 0.2609272859375 0.5657645062500001 0.1959860125 0.43438399062500005 0.137829646875 0.3772762015625
4 0.2831192265625 0.28356074375 0.276827765625 0.25502887812499997 0.25041508281249997 0.2348459765625 0.2205218296875 0.254553053125 0.22989293593750001 0.287609659375 0.2355808046875 0.291477940625 0.25907685625 0.3012675953125 0.2831192265625 0.28356074375
3 0.1398651203125 0.184351271875 0.15289743125 0.2141696265625 0.16374888125 0.21705982031249998 0.18228401875 0.245860440625 0.1828479609375 0.23985975937499998 0.1780985234375 0.17092684375 0.1679652171875 0.1520172140625 0.13305818125 0.1541760484375 0.1398651203125 0.184351271875
3 0.17549911093749998 0.27745873125 0.125440578125 0.155312740625 0.125 0.178870475 0.125 0.252513175 0.1351509296875 0.289865421875 0.17549911093749998 0.27745873125
1 0.1588937046875 0.1480167609375 0.1554527875 0.1474924734375 0.1491216734375 0.1204365453125 0.1250220296875 0.1264196015625 0.125 0.1533389484375 0.1588937046875 0.1480167609375
0 1 0.7120032546874999 0.908967378125 0.6080115796875 0.875 0.638429121875 0.875571525 0.69966513125 0.994514509375 0.8549338140625 1 0.8594446687499999 1 0.7120032546874999
0 0 0.57251180625 0.032897059374999996 0.5928248375 0.1229469046875 0.467079321875 0.124074784375 0.38967408125 0.11217035312500001 0.3772762015625 0.054013989062500004 0.43438399062500005 0 0.5436578812499999 0 0.57251180625
4 0 0.2974857140625 0.014419195312499999 0.291477940625 0.0201070640625 0.287609659375 0.029478170312500003 0.254553053125 0 0.23511961874999998 0 0.2974857140625
3 0.0719014765625 0.17092684375 0.0671520390625 0.23985975937499998 0.06771598125 0.245860440625 0.08625111875 0.21705982031249998 0.0971025671875 0.2141696265625 0.11013487968749999 0.184351271875 0.11694181875000001 0.1541760484375 0.08203478125 0.1520172140625 0.0719014765625 0.17092684375
3 0.125 0.178870475 0.12455942187499999 0.155312740625 0.07450088906249999 0.27745873125 0.1148490703125 0.289865421875 0.125 0.252513175 0.125 0.178870475
1 0.1008783265625 0.1204365453125 0.0945472125 0.1474924734375 0.09110629375 0.1480167609375 0.125 0.1533389484375 0.12497797031249999 0.1264196015625 0.1008783265625 0.1204365453125