0 0.3841145833333333 0.12890625 0.37109375 0.123046875 0.3658854166666667 0.123046875 0.36328125 0.12109375 0.3528645833333333 0.12109375 0.3515625 0.1220703125 0.3515625 0.1298828125 0.3528645833333333 0.130859375 0.35546875 0.130859375 0.36328125 0.134765625 0.3684895833333333 0.134765625 0.3763020833333333 0.138671875 0.38671875 0.138671875 0.3880208333333333 0.1376953125 0.390625 0.1357421875 0.390625 0.1318359375 0.38671875 0.12890625 0.3841145833333333 0.12890625
0 0.36328125 0.154296875 0.3658854166666667 0.15234375 0.37109375 0.15234375 0.375 0.1494140625 0.375 0.1435546875 0.37109375 0.140625 0.3658854166666667 0.140625 0.36328125 0.142578125 0.3580729166666667 0.142578125 0.35546875 0.14453125 0.3502604166666667 0.14453125 0.3424479166666667 0.1484375 0.3372395833333333 0.1484375 0.3359375 0.1494140625 0.3359375 0.1552734375 0.3424479166666667 0.16015625 0.34375 0.1591796875 0.3450520833333333 0.158203125 0.3502604166666667 0.158203125 0.3580729166666667 0.154296875 0.36328125 0.154296875
0 0.4010416666666667 0.1513671875 0.3997395833333333 0.150390625 0.3893229166666667 0.150390625 0.3854166666666667 0.1552734375 0.3854166666666667 0.1572265625 0.3828125 0.1591796875 0.3828125 0.1611328125 0.3802083333333333 0.1630859375 0.3802083333333333 0.1650390625 0.3776041666666667 0.1669921875 0.3776041666666667 0.1748046875 0.37890625 0.17578125 0.38671875 0.17578125 0.3880208333333333 0.1748046875 0.3932291666666667 0.1708984375 0.3932291666666667 0.1669921875 0.4010416666666667 0.1572265625 0.4010416666666667 0.1513671875
0 0.5872395833333334 0.107421875 0.5846354166666666 0.10546875 0.5794270833333334 0.10546875 0.5768229166666666 0.103515625 0.5716145833333334 0.103515625 0.5690104166666666 0.1015625 0.5638020833333334 0.1015625 0.5611979166666666 0.099609375 0.55859375 0.099609375 0.5546875 0.1025390625 0.5546875 0.1103515625 0.5559895833333334 0.111328125 0.5611979166666666 0.111328125 0.5638020833333334 0.11328125 0.5690104166666666 0.11328125 0.5716145833333334 0.115234375 0.5768229166666666 0.115234375 0.5794270833333334 0.1171875 0.5872395833333334 0.1171875 0.5885416666666666 0.1162109375 0.5911458333333334 0.1142578125 0.5911458333333334 0.1083984375 0.58984375 0.107421875 0.5872395833333334 0.107421875
0 0.60546875 0.126953125 0.6028645833333334 0.125 0.5950520833333334 0.125 0.5924479166666666 0.123046875 0.5768229166666666 0.123046875 0.5729166666666666 0.1279296875 0.5729166666666666 0.1318359375 0.5794270833333334 0.134765625 0.58984375 0.134765625 0.5924479166666666 0.13671875 0.6028645833333334 0.13671875 0.60546875 0.138671875 0.6106770833333334 0.138671875 0.6119791666666666 0.1376953125 0.6145833333333334 0.1357421875 0.6145833333333334 0.1279296875 0.61328125 0.126953125 0.60546875 0.126953125
0 0.5638020833333334 0.15625 0.56640625 0.154296875 0.5716145833333334 0.154296875 0.5755208333333334 0.1513671875 0.5755208333333334 0.1455078125 0.57421875 0.14453125 0.5638020833333334 0.14453125 0.5611979166666666 0.146484375 0.5533854166666666 0.146484375 0.55078125 0.1484375 0.54296875 0.1484375 0.5403645833333334 0.150390625 0.5377604166666666 0.150390625 0.5364583333333334 0.1513671875 0.5364583333333334 0.1572265625 0.5403645833333334 0.16015625 0.5455729166666666 0.16015625 0.546875 0.1591796875 0.5481770833333334 0.158203125 0.5559895833333334 0.158203125 0.55859375 0.15625 0.5638020833333334 0.15625
0 0.3658854166666667 0.3359375 0.36328125 0.333984375 0.35546875 0.333984375 0.34765625 0.330078125 0.33984375 0.330078125 0.3372395833333333 0.328125 0.33203125 0.328125 0.328125 0.3310546875 0.328125 0.3388671875 0.3294270833333333 0.33984375 0.3346354166666667 0.33984375 0.3372395833333333 0.341796875 0.3424479166666667 0.341796875 0.3450520833333333 0.34375 0.3502604166666667 0.34375 0.3528645833333333 0.345703125 0.3580729166666667 0.345703125 0.3606770833333333 0.34765625 0.37109375 0.34765625 0.3723958333333333 0.3466796875 0.375 0.3447265625 0.375 0.3388671875 0.37109375 0.3359375 0.3658854166666667 0.3359375
0 0.32421875 0.3515625 0.3216145833333333 0.349609375 0.3151041666666667 0.3544921875 0.3151041666666667 0.3603515625 0.3190104166666667 0.36328125 0.34765625 0.36328125 0.3502604166666667 0.365234375 0.3606770833333333 0.365234375 0.3619791666666667 0.3642578125 0.3645833333333333 0.3623046875 0.3645833333333333 0.3525390625 0.36328125 0.3515625 0.32421875 0.3515625
0 0.3151041666666667 0.4072265625 0.3151041666666667 0.4013671875 0.3125 0.3994140625 0.3125 0.3935546875 0.3111979166666667 0.392578125 0.30078125 0.392578125 0.2994791666666667 0.3935546875 0.2994791666666667 0.3994140625 0.3020833333333333 0.4013671875 0.3020833333333333 0.4052734375 0.3046875 0.4072265625 0.3046875 0.4130859375 0.3072916666666667 0.4150390625 0.3072916666666667 0.4208984375 0.3111979166666667 0.42578125 0.3190104166666667 0.42578125 0.3203125 0.4248046875 0.3203125 0.4169921875 0.3177083333333333 0.4150390625 0.3177083333333333 0.4091796875 0.3151041666666667 0.4072265625
0 0.5533854166666666 0.337890625 0.5481770833333334 0.333984375 0.5455729166666666 0.333984375 0.54296875 0.33203125 0.5403645833333334 0.33203125 0.52734375 0.326171875 0.5221354166666666 0.326171875 0.5182291666666666 0.3291015625 0.5182291666666666 0.3310546875 0.515625 0.3330078125 0.5221354166666666 0.337890625 0.5299479166666666 0.33984375 0.53515625 0.34375 0.5377604166666666 0.34375 0.55078125 0.349609375 0.5559895833333334 0.349609375 0.5572916666666666 0.3486328125 0.5598958333333334 0.3466796875 0.5598958333333334 0.3388671875 0.55859375 0.337890625 0.5533854166666666 0.337890625
0 0.6145833333333334 0.3623046875 0.6028645833333334 0.353515625 0.6002604166666666 0.353515625 0.5911458333333334 0.3603515625 0.59375 0.3623046875 0.59375 0.3642578125 0.609375 0.3759765625 0.609375 0.3779296875 0.6184895833333334 0.384765625 0.6236979166666666 0.384765625 0.625 0.3837890625 0.6302083333333334 0.3798828125 0.6302083333333334 0.3759765625 0.6145833333333334 0.3642578125 0.6145833333333334 0.3623046875
0 0.6276041666666666 0.4228515625 0.6276041666666666 0.4208984375 0.6236979166666666 0.419921875 0.6223958333333334 0.4169921875 0.6106770833333334 0.408203125 0.6028645833333334 0.408203125 0.5989583333333334 0.4111328125 0.5989583333333334 0.4169921875 0.6067708333333334 0.4228515625 0.6067708333333334 0.4248046875 0.6106770833333334 0.42578125 0.6223958333333334 0.4345703125 0.6223958333333334 0.4365234375 0.6263020833333334 0.439453125 0.6302083333333334 0.4384765625 0.6341145833333334 0.4375 0.6380208333333334 0.4345703125 0.6380208333333334 0.4306640625 0.6276041666666666 0.4228515625
0 0.3098958333333333 0.6884765625 0.3098958333333333 0.6865234375 0.2903645833333333 0.671875 0.2877604166666667 0.671875 0.2786458333333333 0.6787109375 0.2864583333333333 0.6845703125 0.2864583333333333 0.6865234375 0.2994791666666667 0.6962890625 0.2994791666666667 0.6982421875 0.31640625 0.7109375 0.3216145833333333 0.7109375 0.3229166666666667 0.7099609375 0.328125 0.7041015625 0.3255208333333333 0.7021484375 0.3255208333333333 0.7001953125 0.3098958333333333 0.6884765625
0 0.2760416666666667 0.7568359375 0.2760416666666667 0.7529296875 0.2786458333333333 0.7509765625 0.2786458333333333 0.7451171875 0.28125 0.7431640625 0.28125 0.7373046875 0.2838541666666667 0.7353515625 0.2838541666666667 0.7255859375 0.2799479166666667 0.72265625 0.2721354166666667 0.72265625 0.2682291666666667 0.7255859375 0.2682291666666667 0.7294921875 0.265625 0.7314453125 0.265625 0.7373046875 0.2630208333333333 0.7392578125 0.2630208333333333 0.7431640625 0.2604166666666667 0.7451171875 0.2604166666666667 0.7509765625 0.2578125 0.7529296875 0.2578125 0.7587890625 0.2552083333333333 0.7607421875 0.2552083333333333 0.7685546875 0.2565104166666667 0.76953125 0.26171875 0.76953125 0.2643229166666667 0.771484375 0.26953125 0.771484375 0.2708333333333333 0.7705078125 0.2708333333333333 0.7685546875 0.2734375 0.7666015625 0.2734375 0.7587890625 0.2760416666666667 0.7568359375
0 0.3385416666666667 0.7451171875 0.31640625 0.728515625 0.3111979166666667 0.732421875 0.30859375 0.732421875 0.3046875 0.7373046875 0.3229166666666667 0.7509765625 0.3229166666666667 0.7529296875 0.3450520833333333 0.76953125 0.3489583333333333 0.7685546875 0.3567708333333333 0.7626953125 0.3567708333333333 0.7607421875 0.3385416666666667 0.7470703125 0.3385416666666667 0.7451171875
0 0.4140625 0.6767578125 0.4075520833333333 0.671875 0.40234375 0.671875 0.3919270833333333 0.6796875 0.3893229166666667 0.6796875 0.3684895833333333 0.6953125 0.3658854166666667 0.6953125 0.3619791666666667 0.6982421875 0.3619791666666667 0.7021484375 0.3645833333333333 0.7041015625 0.3645833333333333 0.7060546875 0.3684895833333333 0.708984375 0.3736979166666667 0.708984375 0.375 0.7080078125 0.3893229166666667 0.697265625 0.3919270833333333 0.697265625 0.4140625 0.6806640625 0.4140625 0.6767578125
0 0.62109375 0.6796875 0.6158854166666666 0.6796875 0.61328125 0.677734375 0.60546875 0.677734375 0.6028645833333334 0.67578125 0.5950520833333334 0.67578125 0.5924479166666666 0.673828125 0.5872395833333334 0.673828125 0.5846354166666666 0.671875 0.5794270833333334 0.671875 0.5768229166666666 0.669921875 0.57421875 0.669921875 0.5703125 0.6728515625 0.5703125 0.6767578125 0.5677083333333334 0.6787109375 0.5677083333333334 0.6806640625 0.5716145833333334 0.68359375 0.5768229166666666 0.68359375 0.5794270833333334 0.685546875 0.5872395833333334 0.685546875 0.58984375 0.6875 0.5950520833333334 0.6875 0.59765625 0.689453125 0.6028645833333334 0.689453125 0.60546875 0.69140625 0.61328125 0.69140625 0.6158854166666666 0.693359375 0.6236979166666666 0.693359375 0.625 0.6923828125 0.625 0.6904296875 0.6276041666666666 0.6884765625 0.6276041666666666 0.6826171875 0.62109375 0.6796875
0 0.6510416666666666 0.6865234375 0.6484375 0.6845703125 0.6484375 0.6728515625 0.64453125 0.669921875 0.63671875 0.669921875 0.6328125 0.6728515625 0.6328125 0.6845703125 0.6354166666666666 0.6865234375 0.6354166666666666 0.7060546875 0.6380208333333334 0.7080078125 0.6380208333333334 0.7138671875 0.6419270833333334 0.716796875 0.6471354166666666 0.716796875 0.6484375 0.7158203125 0.6536458333333334 0.7138671875 0.6536458333333334 0.7041015625 0.6510416666666666 0.7021484375 0.6510416666666666 0.6865234375
0 0.6471354166666666 0.732421875 0.6419270833333334 0.728515625 0.6341145833333334 0.7265625 0.6263020833333334 0.720703125 0.6236979166666666 0.720703125 0.6106770833333334 0.712890625 0.6028645833333334 0.712890625 0.5989583333333334 0.7158203125 0.5963541666666666 0.7216796875 0.6002604166666666 0.724609375 0.6028645833333334 0.724609375 0.6080729166666666 0.728515625 0.6106770833333334 0.728515625 0.6158854166666666 0.732421875 0.6184895833333334 0.732421875 0.6263020833333334 0.73828125 0.62890625 0.73828125 0.6419270833333334 0.74609375 0.6471354166666666 0.74609375 0.6484375 0.7451171875 0.6536458333333334 0.7412109375 0.6536458333333334 0.7353515625 0.6497395833333334 0.732421875 0.6471354166666666 0.732421875