0 0.953125 0.35546875 0.953125 0.34765625 0.9521484375 0.3463541666666667 0.9267578125 0.3463541666666667 0.9248046875 0.3489583333333333 0.9169921875 0.3489583333333333 0.9140625 0.3528645833333333 0.9140625 0.3606770833333333 0.916015625 0.36328125 0.9169921875 0.3645833333333333 0.9287109375 0.3645833333333333 0.9306640625 0.3619791666666667 0.9462890625 0.3619791666666667 0.953125 0.35546875
0 0.837890625 0.3606770833333333 0.837890625 0.3580729166666667 0.8330078125 0.3515625 0.8251953125 0.3515625 0.822265625 0.35546875 0.822265625 0.36328125 0.826171875 0.3684895833333333 0.826171875 0.37109375 0.830078125 0.3763020833333333 0.830078125 0.37890625 0.8359375 0.38671875 0.8369140625 0.3880208333333333 0.8427734375 0.3880208333333333 0.845703125 0.3841145833333333 0.845703125 0.3736979166666667 0.837890625 0.3606770833333333
0 0.9365234375 0.5104166666666666 0.9326171875 0.5052083333333334 0.9306640625 0.5052083333333334 0.9248046875 0.4973958333333333 0.9228515625 0.4973958333333333 0.9169921875 0.4895833333333333 0.9150390625 0.4895833333333333 0.9111328125 0.484375 0.9091796875 0.484375 0.9072265625 0.4817708333333333 0.9013671875 0.4817708333333333 0.8984375 0.4856770833333333 0.896484375 0.4934895833333333 0.9033203125 0.5026041666666666 0.9052734375 0.5026041666666666 0.9111328125 0.5104166666666666 0.9130859375 0.5104166666666666 0.9189453125 0.5182291666666666 0.9208984375 0.5182291666666666 0.9248046875 0.5234375 0.927734375 0.5247395833333334 0.9287109375 0.5260416666666666 0.9365234375 0.5260416666666666 0.939453125 0.51953125 0.939453125 0.51171875 0.9365234375 0.5104166666666666
0 0.8564453125 0.6041666666666666 0.8583984375 0.6015625 0.8623046875 0.6015625 0.8642578125 0.5989583333333334 0.8681640625 0.5989583333333334 0.8701171875 0.5963541666666666 0.8740234375 0.5963541666666666 0.8759765625 0.59375 0.8798828125 0.59375 0.884765625 0.5846354166666666 0.884765625 0.5794270833333334 0.8798828125 0.5729166666666666 0.8740234375 0.5729166666666666 0.8720703125 0.5755208333333334 0.8662109375 0.5755208333333334 0.8642578125 0.578125 0.8603515625 0.578125 0.8583984375 0.5807291666666666 0.8525390625 0.5807291666666666 0.8466796875 0.5859375 0.8408203125 0.5859375 0.8359375 0.5924479166666666 0.8359375 0.6002604166666666 0.841796875 0.6080729166666666 0.8447265625 0.609375 0.8466796875 0.6067708333333334 0.8505859375 0.6067708333333334 0.8525390625 0.6041666666666666 0.8564453125 0.6041666666666666
0 0.708984375 0.5690104166666666 0.708984375 0.5611979166666666 0.70703125 0.55859375 0.70703125 0.55078125 0.705078125 0.5481770833333334 0.705078125 0.54296875 0.7021484375 0.5390625 0.6962890625 0.5390625 0.693359375 0.54296875 0.693359375 0.5611979166666666 0.6953125 0.5638020833333334 0.6953125 0.5768229166666666 0.697265625 0.5794270833333334 0.697265625 0.5924479166666666 0.6982421875 0.59375 0.7080078125 0.59375 0.7109375 0.5872395833333334 0.7109375 0.5716145833333334 0.708984375 0.5690104166666666
0 0.6767578125 0.4869791666666667 0.6748046875 0.484375 0.6630859375 0.484375 0.6611328125 0.4817708333333333 0.6474609375 0.4817708333333333 0.646484375 0.4830729166666667 0.646484375 0.49609375 0.6494140625 0.5 0.6591796875 0.5 0.6611328125 0.5026041666666666 0.6728515625 0.5026041666666666 0.6748046875 0.5052083333333334 0.6845703125 0.5052083333333334 0.685546875 0.5065104166666666 0.6884765625 0.5078125 0.69140625 0.5013020833333334 0.69140625 0.4908854166666667 0.6884765625 0.4869791666666667 0.6767578125 0.4869791666666667
0 0.6513671875 0.4583333333333333 0.6552734375 0.4583333333333333 0.6572265625 0.4557291666666667 0.6611328125 0.4557291666666667 0.6630859375 0.453125 0.6669921875 0.453125 0.6689453125 0.4505208333333333 0.6728515625 0.4505208333333333 0.673828125 0.44921875 0.673828125 0.4361979166666667 0.6689453125 0.4322916666666667 0.6669921875 0.4322916666666667 0.6650390625 0.4348958333333333 0.6611328125 0.4348958333333333 0.6591796875 0.4375 0.6552734375 0.4375 0.6533203125 0.4401041666666667 0.6494140625 0.4401041666666667 0.6474609375 0.4427083333333333 0.6435546875 0.4427083333333333 0.6416015625 0.4453125 0.6376953125 0.4453125 0.634765625 0.44921875 0.634765625 0.4596354166666667 0.638671875 0.4622395833333333 0.6396484375 0.4635416666666667 0.6435546875 0.4635416666666667 0.6455078125 0.4609375 0.6494140625 0.4609375 0.6513671875 0.4583333333333333
0 0.7041015625 0.375 0.6884765625 0.375 0.6865234375 0.3723958333333333 0.6708984375 0.3723958333333333 0.669921875 0.3736979166666667 0.669921875 0.38671875 0.6708984375 0.3880208333333333 0.6845703125 0.3880208333333333 0.6865234375 0.390625 0.7001953125 0.390625 0.701171875 0.3919270833333333 0.7021484375 0.3932291666666667 0.7060546875 0.3932291666666667 0.708984375 0.3893229166666667 0.708984375 0.37890625 0.7041015625 0.375
0 0.591796875 0.3346354166666667 0.591796875 0.32421875 0.5908203125 0.3229166666666667 0.5830078125 0.3229166666666667 0.568359375 0.3424479166666667 0.568359375 0.3502604166666667 0.5703125 0.3528645833333333 0.5712890625 0.3541666666666667 0.5751953125 0.3541666666666667 0.5830078125 0.34375 0.5849609375 0.34375 0.591796875 0.3346354166666667
0 0.568359375 0.41796875 0.572265625 0.4127604166666667 0.572265625 0.40234375 0.5693359375 0.3984375 0.5634765625 0.3984375 0.556640625 0.4075520833333333 0.556640625 0.41015625 0.552734375 0.4153645833333333 0.552734375 0.41796875 0.548828125 0.4231770833333333 0.548828125 0.43359375 0.5546875 0.4361979166666667 0.5556640625 0.4375 0.560546875 0.43359375 0.560546875 0.4309895833333333 0.568359375 0.4205729166666667 0.568359375 0.41796875
0 0.4111328125 0.4375 0.3720703125 0.4375 0.369140625 0.44140625 0.369140625 0.4518229166666667 0.37109375 0.4544270833333333 0.3720703125 0.4557291666666667 0.4091796875 0.4557291666666667 0.412109375 0.4518229166666667 0.412109375 0.4388020833333333 0.4111328125 0.4375
0 0.4189453125 0.3854166666666667 0.4091796875 0.3854166666666667 0.4072265625 0.3828125 0.3935546875 0.3828125 0.3916015625 0.3802083333333333 0.3857421875 0.3802083333333333 0.3828125 0.3841145833333333 0.3828125 0.39453125 0.3857421875 0.3984375 0.3974609375 0.3984375 0.3994140625 0.4010416666666667 0.4111328125 0.4010416666666667 0.412109375 0.40234375 0.4130859375 0.4036458333333333 0.4169921875 0.4036458333333333 0.421875 0.3971354166666667 0.421875 0.3919270833333333 0.4189453125 0.3854166666666667
0 0.37890625 0.3033854166666667 0.380859375 0.30078125 0.380859375 0.2955729166666667 0.3779296875 0.2916666666666667 0.3720703125 0.2916666666666667 0.36328125 0.3033854166666667 0.36328125 0.3059895833333333 0.359375 0.3111979166666667 0.359375 0.3190104166666667 0.36328125 0.3216145833333333 0.3642578125 0.3229166666666667 0.3662109375 0.3203125 0.3681640625 0.3203125 0.37890625 0.3059895833333333 0.37890625 0.3033854166666667
0 0.201171875 0.2877604166666667 0.201171875 0.2825520833333333 0.1982421875 0.2760416666666667 0.1923828125 0.2760416666666667 0.1875 0.2825520833333333 0.1875 0.28515625 0.18359375 0.2903645833333333 0.18359375 0.29296875 0.181640625 0.2955729166666667 0.181640625 0.30078125 0.18359375 0.3033854166666667 0.1845703125 0.3046875 0.1923828125 0.3046875 0.193359375 0.3033854166666667 0.1953125 0.2955729166666667 0.201171875 0.2877604166666667
0 0.2001953125 0.3671875 0.1982421875 0.3671875 0.1962890625 0.3645833333333333 0.1923828125 0.3645833333333333 0.1904296875 0.3619791666666667 0.1845703125 0.3619791666666667 0.1826171875 0.359375 0.1767578125 0.359375 0.1748046875 0.3567708333333333 0.1708984375 0.3567708333333333 0.166015625 0.36328125 0.166015625 0.3684895833333333 0.1728515625 0.375 0.1787109375 0.375 0.1806640625 0.3776041666666667 0.1884765625 0.3776041666666667 0.189453125 0.37890625 0.1904296875 0.3802083333333333 0.2001953125 0.3802083333333333 0.203125 0.3763020833333333 0.203125 0.3736979166666667 0.2001953125 0.3671875
0 0.2294921875 0.40625 0.2333984375 0.40625 0.2353515625 0.4036458333333333 0.2392578125 0.4036458333333333 0.2412109375 0.4010416666666667 0.2451171875 0.4010416666666667 0.2470703125 0.3984375 0.2509765625 0.3984375 0.25390625 0.39453125 0.25390625 0.3919270833333333 0.2490234375 0.3828125 0.2412109375 0.3828125 0.2353515625 0.3880208333333333 0.2314453125 0.3880208333333333 0.2294921875 0.390625 0.2255859375 0.390625 0.2236328125 0.3932291666666667 0.2197265625 0.3932291666666667 0.2177734375 0.3958333333333333 0.2158203125 0.3958333333333333 0.212890625 0.3997395833333333 0.212890625 0.4049479166666667 0.21484375 0.4075520833333333 0.21484375 0.41015625 0.2158203125 0.4114583333333333 0.2216796875 0.4114583333333333 0.2236328125 0.4088541666666667 0.2275390625 0.4088541666666667 0.2294921875 0.40625
0 0.28515625 0.4361979166666667 0.28515625 0.43359375 0.287109375 0.4309895833333333 0.287109375 0.41796875 0.2861328125 0.4166666666666667 0.2783203125 0.4166666666666667 0.271484375 0.4283854166666667 0.271484375 0.4309895833333333 0.265625 0.4388020833333333 0.265625 0.44140625 0.263671875 0.4440104166666667 0.263671875 0.4544270833333333 0.265625 0.45703125 0.2666015625 0.4583333333333333 0.2724609375 0.4583333333333333 0.279296875 0.44921875 0.28125 0.44140625 0.28515625 0.4361979166666667
0 0.0654296875 0.5026041666666666 0.0693359375 0.5026041666666666 0.0712890625 0.5 0.0751953125 0.5 0.0771484375 0.4973958333333333 0.0810546875 0.4973958333333333 0.0830078125 0.4947916666666667 0.0869140625 0.4947916666666667 0.0888671875 0.4921875 0.0947265625 0.4921875 0.095703125 0.4908854166666667 0.095703125 0.4856770833333333 0.09375 0.4830729166666667 0.09375 0.48046875 0.0888671875 0.4739583333333333 0.0869140625 0.4739583333333333 0.0849609375 0.4765625 0.0810546875 0.4765625 0.0791015625 0.4791666666666667 0.0751953125 0.4791666666666667 0.0732421875 0.4817708333333333 0.0673828125 0.4817708333333333 0.0654296875 0.484375 0.0615234375 0.484375 0.0595703125 0.4869791666666667 0.0517578125 0.4869791666666667 0.0478515625 0.4921875 0.044921875 0.4934895833333333 0.044921875 0.4986979166666667 0.048828125 0.50390625 0.048828125 0.5065104166666666 0.0498046875 0.5078125 0.0576171875 0.5078125 0.0595703125 0.5052083333333334 0.0634765625 0.5052083333333334 0.0654296875 0.5026041666666666
0 0.0634765625 0.4713541666666667 0.0654296875 0.4713541666666667 0.068359375 0.4674479166666667 0.068359375 0.4596354166666667 0.0654296875 0.4557291666666667 0.0595703125 0.453125 0.0576171875 0.4557291666666667 0.0556640625 0.4557291666666667 0.0517578125 0.4609375 0.0498046875 0.4609375 0.029296875 0.48828125 0.033203125 0.4934895833333333 0.033203125 0.49609375 0.0341796875 0.4973958333333333 0.0419921875 0.4973958333333333 0.0478515625 0.4895833333333333 0.0498046875 0.4895833333333333 0.0634765625 0.4713541666666667