4 0.3671875 0.5078125 0.0453125 0.053125
3 0.2097466609375 0.6723939671875 0.163896203125 0.7609735859375 0.17368449531250002 0.7692135421875 0.219373325 0.7862084687500001 0.25971845937500004 0.7022638640625 0.247869496875 0.6919638953125 0.2097466609375 0.6723939671875
0 0.68541935625 0.49027787656250005 0.6807828265625 0.487702884375 0.6344171796875 0.5144827859375 0.6266896 0.5294177140625 0.7476322875 0.6863632765625 0.8064851515625 0.6488972328125 0.811636871875 0.6432322140625 0.68541935625 0.49027787656250005
3 0.5736267515625 0.43980812187499996 0.47677409375 0.48873290156250004 0.471622353125 0.5093328140625 0.4948327578125 0.5390739140624999 0.5901122890625 0.48924788281250003 0.594233671875 0.4691629828125 0.5736267515625 0.43980812187499996
0 0.5901122890625 0.43311312968750004 0.5844453796875 0.428993140625 0.43349951718749996 0.5083027984374999 0.43092365781249997 0.5237527375 0.46225914843749993 0.5730637656249999 0.6194771671875 0.48924788281250003 0.6215378375 0.4722529671875 0.5901122890625 0.43311312968750004
1 0.4373200953125 0.3225173546875 0.39971240468749997 0.330757321875 0.402803496875 0.3590821890625 0.4112743703125 0.385411453125 0.44865391250000003 0.3771071203125 0.447623534375 0.35290222187500003 0.4373200953125 0.3225173546875
0 0.6449350015624999 0.3384822984375 0.5125354328125 0.320457365625 0.47029116875000004 0.3173673828125 0.4672001203125 0.3420872625 0.46565463906250004 0.37504715312500003 0.4672001203125 0.380197115625 0.631500290625 0.4009901359375 0.64287433125 0.36680717500000004 0.645450190625 0.34517725625 0.6449350015624999 0.3384822984375
3 0.6143808046875 0.292888575 0.607844746875 0.3175719640625 0.6183750703124999 0.33572153125000004 0.6347152625 0.33608451875 0.6790153171875 0.3277357234375 0.68700385 0.3048672703125 0.6721161640625 0.28054686093750003 0.6143808046875 0.292888575
0 0.7894023296875 0.3016003484375 0.7908547734375 0.2994224109375 0.74982273125 0.2725610546875 0.646698121875 0.35568605 0.640888225 0.379643471875 0.6816470625 0.4064140703125 0.6804677609375 0.41013473749999996 0.7828663015624999 0.3175719640625 0.7894023296875 0.3016003484375
4 0.281634053125 0.1572660078125 0.2578681890625 0.17207156875000001 0.26510126562499997 0.1992724984375 0.2842027734375 0.21128047031250002 0.308155378125 0.194796378125 0.30298887343750003 0.1703499984375 0.281634053125 0.1572660078125
0 0.38530830781250003 0.14452634375 0.3856527515625 0.1741374671875 0.404454890625 0.197077465625 0.534447690625 0.1627750625 0.5358254640625 0.1397059265625 0.518259434375 0.1118163890625 0.38530830781250003 0.14452634375
2 0.8255884328124999 0.2483935375 0.8061102874999999 0.26681255937500004 0.793475765625 0.2868103125 0.875 0.3458844375 0.875 0.3379830203125 0.875 0.315226940625 0.8745470703124999 0.2841790328125 0.8255884328124999 0.2483935375
3 0 0.7224846968749999 0.030626675 0.7862084687500001 0.07631550468750001 0.7692135421875 0.086103796875 0.7609735859375 0.0402533390625 0.6723939671875 0.0021305031249999997 0.6919638953125 0 0.69381588125 0 0.7224846968749999
0 1 0.5685387234375 0.938363128125 0.6432322140625 0.9435148484375 0.6488972328125 1 0.684855978125 1 0.5685387234375
2 0.875 0.3379830203125 0.875 0.3458844375 0.956524234375 0.2868103125 0.9438897125000001 0.26681255937500004 0.9244115671875001 0.2483935375 0.8754529296875001 0.2841790328125 0.875 0.315226940625 0.875 0.3379830203125