1 0.497519840625 0.54365079375 0.5111607140625 0.5228174609375 0.5119047625 0.5193452375 0.493799603125 0.5049603171875 0.4908234125 0.5042162703125 0.478174603125 0.5223214281249999 0.477678571875 0.5265376984375 0.4833829359375 0.531498015625 0.49627976250000005 0.5401785718750001 0.497519840625 0.54365079375
2 0.558367725 0.3743001953125 0.4784119578125 0.385727821875 0.4782079921875 0.3877684703125 0.48085959218749996 0.4089912046875 0.48187943593749993 0.41082779062499997 0.562891659375 0.4029562109375 0.5636709265625 0.37878962031249996 0.5608153453125 0.375116453125 0.558367725 0.3743001953125
0 0.7021329359374999 0.2728174609375 0.7095734125 0.2705853171875 0.7175099203124999 0.262648809375 0.7175099203124999 0.24404761874999997 0.7167658734375 0.24007936562499999 0.7150297625 0.2388392859375 0.7016369046875 0.2388392859375 0.6004464281249999 0.24479166718749998 0.5954861109375 0.2462797625 0.593501984375 0.2485119046875 0.5915178578125 0.2604166671875 0.5925099203124999 0.2698412703125 0.591021825 0.2775297625 0.59325396875 0.2795138890625 0.7021329359374999 0.2728174609375
0 0.31150793593750004 0.4387400796875 0.31572420625 0.4439484125 0.3201884921875 0.4518849203125 0.325396825 0.45634920625 0.3330853171875 0.45634920625 0.35243055624999997 0.44866071406249997 0.36259920625 0.44618055625 0.36532738125 0.44444444375 0.3668154765625 0.44171627031250005 0.36532738125 0.4300595234375 0.35615079375 0.40550595312500004 0.3492063484375 0.38963293593750004 0.34325396874999997 0.3797123015625 0.334325396875 0.36036706406249996 0.3174603171875 0.3301091265625 0.3110119046875 0.3258928578125 0.3060515875 0.3244047625 0.302579365625 0.32490079375 0.2832341265625 0.33159722187499996 0.2748015875 0.3365575390625 0.2698412703125 0.340773809375 0.2710813484375 0.353670634375 0.2740575390625 0.3616071421875 0.30580357187499996 0.42261904687499996 0.31150793593750004 0.4387400796875
0 0.2675527265625 0.660043459375 0.2638444953125 0.6618984421875 0.27775035625 0.6838491359375001 0.28454878125 0.6801391578125 0.3410992859375 0.6448943890625001 0.3862418109375 0.6151275093749999 0.388379228125 0.6130504390625 0.3760184609375 0.5920272453125001 0.2675527265625 0.660043459375
0 0.30555555624999997 0.7916666671875 0.309523809375 0.79092261875 0.3298611109375 0.7616567453124999 0.349454365625 0.7266865078125 0.3648313484375 0.702380953125 0.3737599203125 0.6912202375 0.375248015625 0.6860119046875 0.3735119046875 0.681299603125 0.35044642812500004 0.6666666671875 0.34375 0.6636904765625 0.340773809375 0.6639384921875 0.2876984125 0.7477678578125 0.27455357187499996 0.7705853171875 0.27430555624999997 0.7723214281249999 0.2757936515625 0.7743055562500001 0.284226190625 0.7797619046875 0.30555555624999997 0.7916666671875
3 0.4295634921875 0.74950396875 0.4320436515625 0.7423115078125 0.43030753906249997 0.7269345234375 0.428571428125 0.7204861109375 0.4265873015625 0.718501984375 0.365079365625 0.7304067453124999 0.362103175 0.731894840625 0.3581349203125 0.7388392859375 0.358630953125 0.747023809375 0.36284722187499996 0.763144840625 0.4265873015625 0.7509920640625001 0.4295634921875 0.74950396875
0 0.384594171875 0.780953628125 0.34936600625 0.7627129187499999 0.346275815625 0.77167869375 0.2931245046875 0.87772215 0.3289707234375 0.8971995171874999 0.381219415625 0.7893659875 0.38181301875 0.790228571875 0.3855212390625 0.784354440625 0.384594171875 0.780953628125
0 0.45126885625 0.7399293250000001 0.44910570781250003 0.7374560109375 0.44848767812499996 0.7303452265625 0.4432343625 0.7300360609375 0.43025554218749995 0.7492042624999999 0.3808124765625 0.8274229015625 0.37926738125 0.8320603703125 0.4110963640625 0.8555568875 0.4132594890625 0.8549385796875001 0.4766449234375 0.7557545734375 0.478462528125 0.7473492796875 0.46857392343750004 0.7396201640625 0.45126885625 0.7399293250000001
4 0.48031589218750004 0.733683925 0.4772257 0.7077140953125001 0.45961159374999994 0.7092599171875 0.4466327984375 0.7154432093749999 0.4484422421875 0.7294835843749999 0.45003200468750004 0.7401763765625 0.4710453171875 0.7395580453124999 0.48031589218750004 0.733683925
3 0.46357487500000005 0.5820332828125 0.4675921328125 0.5866707515625 0.48397013437499997 0.596564009375 0.528414228125 0.5494500328125 0.5253787078125 0.5427694015625 0.5090006828125 0.5316394578125 0.46357487500000005 0.5820332828125
3 0.5903526203125 0.44130927499999995 0.5826271421875 0.48706563125 0.6033638171875 0.49149932031250004 0.6092027859375 0.476244871875 0.6147651390625 0.44594674375 0.5903526203125 0.44130927499999995
4 0.24429563437500001 0.2306547625 0.25049603125000003 0.22718253906250002 0.2619047625 0.2172619046875 0.26116071406249997 0.2132936515625 0.2552083328125 0.2041170640625 0.23958333281250002 0.18923611093749998 0.23685515937499999 0.18998015937499999 0.222222221875 0.2043650796875 0.2224702375 0.2073412703125 0.22619047656250002 0.2110615078125 0.22941468281250002 0.21626984062500001 0.24429563437500001 0.2306547625
4 0 0.22746031718749998 0.005704365625 0.2306547625 0.0205853171875 0.21626984062500001 0.0238095234375 0.2110615078125 0.0275297625 0.2073412703125 0.027777778125000003 0.2043650796875 0.013144840625000001 0.18998015937499999 0.010416667187500001 0.18923611093749998 0 0.199156746875 0 0.22746031718749998