0 0.1498015875 0.5295138890625 0.1460813484375 0.596478175 0.1522817453125 0.615079365625 0.3978174609375 0.58407738125 0.39409722187499996 0.561755953125 0.3829365078125 0.5071924609375 0.1498015875 0.5295138890625
0 0.6607142859375 0.4154265875 0.6197916671875 0.4203869046875 0.6235119046875 0.42906746093750003 0.587549603125 0.440228175 0.57762896875 0.43030753906249997 0.4908234125 0.45262896875 0.487103175 0.47743055625 0.509424603125 0.5208333328125 0.6855158734375 0.47991071406249997 0.6917162703125 0.45386904687499996 0.6607142859375 0.4154265875
0 0.5044642859375 0.2108134921875 0.353174603125 0.2046130953125 0.353174603125 0.22569444375 0.35069444375000003 0.25669642812500004 0.5044642859375 0.265376984375 0.505704365625 0.2380952375 0.5044642859375 0.2108134921875
0 0.622271825 0.421626984375 0.6272321421875 0.3670634921875 0.521825396875 0.2914186515625 0.497023809375 0.30133928593750003 0.4920634921875 0.3571428578125 0.591269840625 0.4327876984375 0.622271825 0.421626984375
0 0.8727678578125 0.4947916671875 0.8702876984374999 0.4637896828125 0.859126984375 0.471230159375 0.843005953125 0.47991071406249997 0.8702876984374999 0.5543154765625 0.8727678578125 0.4947916671875
1 0.2366071421875 0.3769841265625 0.24032738125000003 0.4154265875 0.2849702375 0.419146825 0.29241071406249997 0.3943452375 0.28993055624999997 0.3571428578125 0.24404761874999997 0.3484623015625 0.2366071421875 0.3769841265625
2 0.7636408734375 0.421626984375 0.7388392859375 0.4265873015625 0.7202380953125 0.45634920625 0.7983630953125 0.556795634375 0.8293650796875 0.546875 0.843005953125 0.5220734125 0.7636408734375 0.421626984375
3 0.8244047625 0.390625 0.809523809375 0.412946428125 0.862847221875 0.45262896875 0.875 0.4389880953125 0.875 0.40674603125 0.84052579375 0.3769841265625 0.8244047625 0.390625
0 0 0.6027412015625 0.09771825468749999 0.615079365625 0.10391865156249999 0.596478175 0.10019841249999999 0.5295138890625 0 0.5199204234375 0 0.6027412015625
0 0.890873015625 0.471230159375 0.8797123015625001 0.4637896828125 0.8772321421875 0.4947916671875 0.8797123015625001 0.5543154765625 0.906994046875 0.47991071406249997 0.890873015625 0.471230159375
1 0 0.4162326390625 0.00967261875 0.4154265875 0.0133928578125 0.3769841265625 0.00595238125 0.3484623015625 0 0.349588428125 0 0.4162326390625
2 1 0.424355159375 0.9863591265625 0.421626984375 0.906994046875 0.5220734125 0.9206349203125 0.546875 0.9516369046875001 0.556795634375 1 0.4946145125 1 0.424355159375
3 0.875 0.4389880953125 0.887152778125 0.45262896875 0.940476190625 0.412946428125 0.9255952375 0.390625 0.90947420625 0.3769841265625 0.875 0.40674603125 0.875 0.4389880953125