3 0.8008432546875 0.48859127031250005 0.7834821421875 0.50967261875 0.8330853171875001 0.5704365078125 0.8702876984374999 0.55927579375 0.871527778125 0.531994046875 0.8244047625 0.4761904765625 0.8008432546875 0.48859127031250005
3 0.3990575390625 0.7428075390625 0.44122023749999995 0.718005953125 0.3978174609375 0.622519840625 0.3544146828125 0.6510416671875 0.3990575390625 0.7428075390625
1 0.4734623015625 0.5716765875 0.4672619046875 0.5952380953125 0.505704365625 0.6212797625 0.5354662703125 0.593998015625 0.534226190625 0.5667162703125 0.49578372968749995 0.5456349203124999 0.4734623015625 0.5716765875
0 0.4201388890625 0.4935515875 0.408978175 0.4898313484375 0.3829365078125 0.5022321421875 0.33705357187499996 0.4737103171875 0.23164682499999997 0.471230159375 0.21056547656250002 0.515873015625 0.21924603125000003 0.5456349203124999 0.41765872968749995 0.5605158734375 0.431299603125 0.5109126984375 0.4201388890625 0.4935515875
0 0.583829365625 0.2889384921875 0.5801091265625 0.38194444375000003 0.57762896875 0.4166666671875 0.637152778125 0.41790674531249994 0.6359126984375 0.3869047625 0.6359126984375 0.2889384921875 0.583829365625 0.2889384921875
0 0.47842261875 0.23189484062500001 0.44618055625 0.2554563484375 0.4424603171875 0.27777777812500004 0.5515873015625 0.3323412703125 0.5825892859375 0.3125 0.578869046875 0.2852182546875 0.47842261875 0.23189484062500001
0 0.1733630953125 0.24429563437500001 0.19196428593749998 0.3174603171875 0.2043650796875 0.3484623015625 0.252728175 0.3298611109375 0.2353670640625 0.3050595234375 0.21800595312499998 0.23685515937499999 0.1733630953125 0.24429563437500001
0 0.3395337296875 0.450148809375 0.3358134921875 0.4761904765625 0.3841765875 0.497271825 0.5106646828125 0.4327876984375 0.5119047625 0.40302579375 0.47098214218749995 0.3831845234375 0.3395337296875 0.450148809375
4 0.131200396875 0.4141865078125 0.13616071406250002 0.42782738125 0.153521825 0.4637896828125 0.18576388906250002 0.4451884921875 0.17088293593749998 0.4203869046875 0.1609623015625 0.40178571406249997 0.131200396875 0.4141865078125
4 0.252728175 0.3571428578125 0.2564484125 0.380704365625 0.2564484125 0.409226190625 0.2948908734375 0.40302579375 0.29737103125000003 0.3831845234375 0.287450396875 0.3571428578125 0.252728175 0.3571428578125
3 0.3792162703125 0.42410714218749995 0.3829365078125 0.412946428125 0.377976190625 0.3856646828125 0.3457341265625 0.3732638890625 0.31349206406249996 0.4427083328125 0.3209325390625 0.47247023749999995 0.340773809375 0.4699900796875 0.3457341265625 0.4389880953125 0.3792162703125 0.42410714218749995
2 0.18824404687500002 0.23933531718749998 0.19444444375 0.2232142859375 0.1832837296875 0.2095734125 0.15600198437499999 0.2021329359375 0.13368055625 0.25669642812500004 0.1522817453125 0.2852182546875 0.1795634921875 0.28025793593750004 0.174603175 0.240575396875 0.18824404687500002 0.23933531718749998
3 0.8797123015625001 0.55927579375 0.9169146828124999 0.5704365078125 0.9665178578125 0.50967261875 0.9491567453125 0.48859127031250005 0.9255952375 0.4761904765625 0.878472221875 0.531994046875 0.8797123015625001 0.55927579375
0 0 0.330910409375 0.0456349203125 0.3484623015625 0.0580357140625 0.3174603171875 0.0766369046875 0.24429563437500001 0.031994046875 0.23685515937499999 0.0146329359375 0.3050595234375 0 0.32596371875 0 0.330910409375
4 0.06423611093750001 0.4451884921875 0.096478175 0.4637896828125 0.11383928593749999 0.42782738125 0.118799603125 0.4141865078125 0.0890376984375 0.40178571406249997 0.07911706406249999 0.4203869046875 0.06423611093750001 0.4451884921875
2 0.09771825468749999 0.2852182546875 0.11631944375 0.25669642812500004 0.093998015625 0.2021329359375 0.0667162703125 0.2095734125 0.055555556250000006 0.2232142859375 0.061755953125 0.23933531718749998 0.075396825 0.240575396875 0.07043650781250001 0.28025793593750004 0.09771825468749999 0.2852182546875