0 0.6296875 0.3171875 0.05625 0.1171875
0 0.715625 0.528125 0.071875 0.13125
1 0.4359375 0.5375 0.0390625 0.0375
4 0.44375 0.4015625 0.0359375 0.0390625
4 0.5609375 0.45 0.0359375 0.040625
3 0.425 0.459375 0.034375 0.078125
3 0.478125 0.446875 0.046875 0.053125
2 0.465625 0.5046875 0.053125 0.096875
0 0.590625 0.371875 0.128125 0.0640625
0 0.18849206406250002 0.5332341265625 0.19444444375 0.5364583328125 0.2016369046875 0.5364583328125 0.2988591265625 0.46949404687499996 0.3053075390625 0.46428571406249997 0.306795634375 0.46006944375 0.3045634921875 0.45758928593750003 0.3023313484375 0.45709325468750006 0.299603175 0.4546130953125 0.281994046875 0.43055555625 0.278521825 0.4273313484375 0.2760416671875 0.4273313484375 0.2485119046875 0.44097222187499996 0.2398313484375 0.44717261875 0.2385912703125 0.44915674531249994 0.2366071421875 0.44965277812500004 0.23363095312499998 0.453125 0.228174603125 0.4541170640625 0.22048611093749998 0.4583333328125 0.21602182499999997 0.462053571875 0.20833333281250002 0.46527777812500004 0.19990079375 0.4739583328125 0.1976686515625 0.478174603125 0.190228175 0.4828869046875 0.1703869046875 0.49950396875 0.16939484062500001 0.502976190625 0.17137896875 0.5081845234375 0.1758432546875 0.51612103125 0.18849206406250002 0.5332341265625
0 0.3578869046875 0.612847221875 0.36036706406249996 0.6108630953125 0.37053571406249997 0.5716765875 0.374255953125 0.5458829359374999 0.3767361109375 0.5384424609375 0.377480159375 0.531498015625 0.38095238125 0.5233134921875 0.3829365078125 0.5109126984375 0.3859126984375 0.5037202375 0.38740079375 0.4935515875 0.389880953125 0.48883928593750003 0.38963293593750004 0.4858630953125 0.387648809375 0.48387896875 0.360119046875 0.47718253906249997 0.35044642812500004 0.4766865078125 0.34821428593750003 0.478174603125 0.343998015625 0.490575396875 0.341021825 0.50322420625 0.337549603125 0.5116567453124999 0.33258928593750003 0.5322420640625001 0.3137400796875 0.5984623015625 0.31349206406249996 0.6029265875 0.3164682546875 0.6049107140625 0.3474702375 0.611855159375 0.3578869046875 0.612847221875
0 0.69345238125 0.7274305562500001 0.6939484125 0.7299107140625 0.7115575390625 0.747271825 0.7165178578125 0.749751984375 0.7227182546875001 0.7579365078125 0.7276785718750001 0.7601686515625 0.7321428578125 0.7666170640625001 0.735119046875 0.7671130953125 0.7430555562500001 0.7733134921875 0.747271825 0.7743055562500001 0.7519841265625 0.7708333328125 0.762152778125 0.7584325390625 0.762896825 0.75322420625 0.7591765875 0.7480158734375 0.73759920625 0.7279265875 0.70362103125 0.6939484125 0.6629464281249999 0.65625 0.65625 0.6542658734375 0.6515376984375 0.6552579359374999 0.637152778125 0.6701388890625 0.6364087296875 0.674603175 0.6550099203124999 0.6949404765625 0.6889880953125 0.7259424609375 0.69345238125 0.7274305562500001
3 0.5954861109375 0.653273809375 0.5989583328125 0.652777778125 0.6004464281249999 0.65029761875 0.61532738125 0.6356646828125 0.6160714281249999 0.6336805562500001 0.6138392859375 0.6302083328125 0.5860615078125 0.6004464281249999 0.58407738125 0.59697420625 0.5662202375 0.5771329359374999 0.5644841265625 0.5763888890625 0.559771825 0.5793650796875001 0.5451388890625 0.5947420640625001 0.5446428578125 0.59697420625 0.547123015625 0.6001984125 0.59325396875 0.6522817453124999 0.5954861109375 0.653273809375
3 0.5835813484375 0.544394840625 0.587549603125 0.544394840625 0.5977182546875001 0.5334821421875 0.605902778125 0.53174603125 0.606894840625 0.528273809375 0.6103670640625001 0.5267857140625 0.6170634921875 0.515873015625 0.6202876984375 0.5136408734375 0.622519840625 0.5081845234375 0.622271825 0.5066964281249999 0.6200396828125 0.503472221875 0.6103670640625001 0.4952876984375 0.606894840625 0.491071428125 0.6039186515625 0.4895833328125 0.6024305562500001 0.4898313484375 0.5706845234375 0.5200892859375 0.5664682546875001 0.5260416671875 0.5664682546875001 0.528273809375 0.5706845234375 0.5357142859375 0.5768849203124999 0.5384424609375 0.5835813484375 0.544394840625
0 0 0.5031470171875 0.0483630953125 0.5364583328125 0.055555556250000006 0.5364583328125 0.0615079359375 0.5332341265625 0.07415674531250001 0.51612103125 0.07862103125 0.5081845234375 0.080605159375 0.502976190625 0.0796130953125 0.49950396875 0.059771825 0.4828869046875 0.0523313484375 0.478174603125 0.05009920624999999 0.4739583328125 0.0416666671875 0.46527777812500004 0.033978175 0.462053571875 0.0295138890625 0.4583333328125 0.021825396875 0.4541170640625 0.016369046875 0.453125 0.0133928578125 0.44965277812500004 0.011408729687499999 0.44915674531249994 0.0101686515625 0.44717261875 0.0014880953125 0.44097222187499996 0 0.44023487812499995 0 0.5031470171875