0 0.666015625 0.23567708333333334 0.666015625 0.19661458333333334 0.6611328125 0.19270833333333334 0.6591796875 0.1953125 0.6435546875 0.1953125 0.638671875 0.20442708333333334 0.638671875 0.23307291666666666 0.640625 0.23567708333333334 0.640625 0.33203125 0.642578125 0.3346354166666667 0.6435546875 0.3359375 0.6611328125 0.3359375 0.66796875 0.3294270833333333 0.66796875 0.23828125 0.666015625 0.23567708333333334
0 0.5732421875 0.19270833333333334 0.5537109375 0.19270833333333334 0.55078125 0.19661458333333334 0.55078125 0.3346354166666667 0.5517578125 0.3359375 0.5693359375 0.3359375 0.57421875 0.33203125 0.57421875 0.19401041666666666 0.5732421875 0.19270833333333334
0 0.498046875 0.2721354166666667 0.49609375 0.26953125 0.49609375 0.23307291666666666 0.494140625 0.23046875 0.494140625 0.20182291666666666 0.4921875 0.19921875 0.4921875 0.18619791666666666 0.4912109375 0.18489583333333334 0.4716796875 0.18489583333333334 0.46875 0.18880208333333334 0.46875 0.22265625 0.470703125 0.22526041666666666 0.470703125 0.25390625 0.47265625 0.2565104166666667 0.47265625 0.2955729166666667 0.474609375 0.2981770833333333 0.474609375 0.3216145833333333 0.4765625 0.32421875 0.4775390625 0.3255208333333333 0.4970703125 0.3255208333333333 0.5 0.3190104166666667 0.498046875 0.31640625 0.498046875 0.2721354166666667
0 0.40234375 0.19661458333333334 0.40234375 0.18880208333333334 0.4013671875 0.1875 0.3798828125 0.1875 0.376953125 0.19140625 0.376953125 0.3216145833333333 0.380859375 0.3268229166666667 0.3818359375 0.328125 0.4013671875 0.328125 0.404296875 0.32421875 0.404296875 0.19921875 0.40234375 0.19661458333333334
0 0.328125 0.3268229166666667 0.328125 0.20182291666666666 0.326171875 0.19921875 0.326171875 0.19661458333333334 0.3212890625 0.19010416666666666 0.3017578125 0.19010416666666666 0.30078125 0.19140625 0.30078125 0.21484375 0.298828125 0.21744791666666666 0.298828125 0.3268229166666667 0.3017578125 0.3307291666666667 0.3046875 0.33203125 0.3056640625 0.3333333333333333 0.3154296875 0.3333333333333333 0.3173828125 0.3307291666666667 0.3251953125 0.3307291666666667 0.328125 0.3268229166666667
0 0.76171875 0.5013020833333334 0.76171875 0.45703125 0.759765625 0.4544270833333333 0.759765625 0.4205729166666667 0.7568359375 0.4166666666666667 0.7490234375 0.4166666666666667 0.7470703125 0.4192708333333333 0.7314453125 0.4192708333333333 0.728515625 0.4231770833333333 0.728515625 0.4466145833333333 0.73046875 0.44921875 0.73046875 0.4908854166666667 0.732421875 0.4934895833333333 0.732421875 0.5403645833333334 0.734375 0.54296875 0.734375 0.5533854166666666 0.7353515625 0.5546875 0.7626953125 0.5546875 0.763671875 0.5533854166666666 0.763671875 0.50390625 0.76171875 0.5013020833333334
0 0.6708984375 0.421875 0.6455078125 0.421875 0.642578125 0.42578125 0.642578125 0.55859375 0.6435546875 0.5598958333333334 0.6708984375 0.5598958333333334 0.671875 0.55859375 0.671875 0.4231770833333333 0.6708984375 0.421875
0 0.58203125 0.4700520833333333 0.58203125 0.4127604166666667 0.5810546875 0.4114583333333333 0.5654296875 0.4114583333333333 0.5634765625 0.4088541666666667 0.5595703125 0.4088541666666667 0.556640625 0.4127604166666667 0.556640625 0.4778645833333333 0.5546875 0.48046875 0.5546875 0.5481770833333334 0.5556640625 0.5494791666666666 0.5771484375 0.5494791666666666 0.580078125 0.5455729166666666 0.580078125 0.47265625 0.58203125 0.4700520833333333
0 0.490234375 0.5091145833333334 0.490234375 0.4440104166666667 0.4921875 0.44140625 0.4921875 0.40234375 0.4912109375 0.4010416666666667 0.4697265625 0.4010416666666667 0.466796875 0.4075520833333333 0.466796875 0.46484375 0.46484375 0.4674479166666667 0.46484375 0.5377604166666666 0.4658203125 0.5390625 0.4873046875 0.5390625 0.48828125 0.5377604166666666 0.48828125 0.51171875 0.490234375 0.5091145833333334
0 0.4052734375 0.4036458333333333 0.3818359375 0.4036458333333333 0.380859375 0.4049479166666667 0.380859375 0.4127604166666667 0.37890625 0.4153645833333333 0.37890625 0.51953125 0.380859375 0.5221354166666666 0.380859375 0.5403645833333334 0.3818359375 0.5416666666666666 0.4072265625 0.5416666666666666 0.408203125 0.5403645833333334 0.408203125 0.41015625 0.4052734375 0.4036458333333333
0 0.328125 0.46484375 0.328125 0.40234375 0.3232421875 0.3984375 0.3017578125 0.3984375 0.298828125 0.40234375 0.298828125 0.5325520833333334 0.30078125 0.53515625 0.3017578125 0.5364583333333334 0.3232421875 0.5364583333333334 0.326171875 0.5325520833333334 0.326171875 0.4674479166666667 0.328125 0.46484375
0 0.2421875 0.5403645833333334 0.2421875 0.49609375 0.244140625 0.4934895833333333 0.244140625 0.44140625 0.24609375 0.4388020833333333 0.24609375 0.41015625 0.2412109375 0.40625 0.2333984375 0.40625 0.2314453125 0.4036458333333333 0.2294921875 0.40625 0.2275390625 0.40625 0.2255859375 0.4036458333333333 0.2177734375 0.4036458333333333 0.21484375 0.4075520833333333 0.21484375 0.4309895833333333 0.212890625 0.43359375 0.212890625 0.4778645833333333 0.2109375 0.48046875 0.2109375 0.5247395833333334 0.208984375 0.52734375 0.208984375 0.5403645833333334 0.212890625 0.54296875 0.2138671875 0.5442708333333334 0.2158203125 0.5416666666666666 0.2177734375 0.5442708333333334 0.2392578125 0.5442708333333334 0.2421875 0.5403645833333334
0 0.234375 0.76953125 0.234375 0.7408854166666666 0.236328125 0.73828125 0.236328125 0.6731770833333334 0.23828125 0.6705729166666666 0.23828125 0.6393229166666666 0.2353515625 0.6354166666666666 0.2080078125 0.6354166666666666 0.205078125 0.6393229166666666 0.205078125 0.6940104166666666 0.203125 0.6966145833333334 0.203125 0.76953125 0.201171875 0.7721354166666666 0.205078125 0.77734375 0.2060546875 0.7786458333333334 0.2236328125 0.7786458333333334 0.2294921875 0.7734375 0.2314453125 0.7734375 0.234375 0.76953125
0 0.318359375 0.7721354166666666 0.318359375 0.7591145833333334 0.3203125 0.7565104166666666 0.3203125 0.7018229166666666 0.322265625 0.69921875 0.322265625 0.66796875 0.32421875 0.6653645833333334 0.32421875 0.6393229166666666 0.3212890625 0.6354166666666666 0.2978515625 0.6354166666666666 0.294921875 0.6393229166666666 0.294921875 0.66015625 0.29296875 0.6627604166666666 0.29296875 0.6940104166666666 0.291015625 0.6966145833333334 0.291015625 0.73046875 0.2890625 0.7330729166666666 0.2890625 0.77734375 0.2900390625 0.7786458333333334 0.3037109375 0.7786458333333334 0.3046875 0.7799479166666666 0.3056640625 0.78125 0.3095703125 0.78125 0.3115234375 0.7786458333333334 0.3134765625 0.7786458333333334 0.318359375 0.7721354166666666
0 0.404296875 0.7721354166666666 0.404296875 0.7434895833333334 0.40625 0.7408854166666666 0.40625 0.7018229166666666 0.408203125 0.69921875 0.408203125 0.65234375 0.41015625 0.6497395833333334 0.41015625 0.64453125 0.4072265625 0.640625 0.4033203125 0.640625 0.4013671875 0.6380208333333334 0.3857421875 0.6380208333333334 0.3828125 0.64453125 0.3828125 0.67578125 0.380859375 0.6783854166666666 0.380859375 0.71484375 0.37890625 0.7174479166666666 0.37890625 0.7565104166666666 0.376953125 0.7591145833333334 0.376953125 0.7799479166666666 0.3779296875 0.78125 0.4013671875 0.78125 0.40234375 0.7799479166666666 0.40234375 0.7747395833333334 0.404296875 0.7721354166666666
0 0.490234375 0.7096354166666666 0.490234375 0.6471354166666666 0.4873046875 0.6432291666666666 0.4677734375 0.6432291666666666 0.46484375 0.6471354166666666 0.46484375 0.7408854166666666 0.462890625 0.7434895833333334 0.462890625 0.7825520833333334 0.46484375 0.78515625 0.4658203125 0.7864583333333334 0.4853515625 0.7864583333333334 0.48828125 0.7825520833333334 0.48828125 0.7122395833333334 0.490234375 0.7096354166666666
0 0.580078125 0.77734375 0.580078125 0.6627604166666666 0.58203125 0.66015625 0.58203125 0.6497395833333334 0.5791015625 0.6458333333333334 0.5673828125 0.6458333333333334 0.5654296875 0.6432291666666666 0.5576171875 0.6432291666666666 0.5546875 0.6471354166666666 0.5546875 0.73828125 0.552734375 0.7408854166666666 0.552734375 0.78515625 0.5546875 0.7877604166666666 0.5556640625 0.7890625 0.5771484375 0.7890625 0.578125 0.7877604166666666 0.578125 0.7799479166666666 0.580078125 0.77734375
0 0.67578125 0.72265625 0.67578125 0.6549479166666666 0.673828125 0.65234375 0.673828125 0.6471354166666666 0.6689453125 0.6432291666666666 0.6494140625 0.6432291666666666 0.646484375 0.6471354166666666 0.646484375 0.6888020833333334 0.6484375 0.69140625 0.6484375 0.7825520833333334 0.65234375 0.7877604166666666 0.6533203125 0.7890625 0.6728515625 0.7890625 0.677734375 0.78515625 0.677734375 0.7252604166666666 0.67578125 0.72265625
0 0.763671875 0.7591145833333334 0.763671875 0.6471354166666666 0.7607421875 0.6432291666666666 0.7333984375 0.6432291666666666 0.732421875 0.64453125 0.732421875 0.7565104166666666 0.734375 0.7591145833333334 0.734375 0.7643229166666666 0.732421875 0.7669270833333334 0.732421875 0.77734375 0.7373046875 0.7838541666666666 0.740234375 0.78515625 0.7412109375 0.7864583333333334 0.7607421875 0.7864583333333334 0.765625 0.77734375 0.765625 0.76171875 0.763671875 0.7591145833333334