0 0.6080729166666666 0.830078125 0.60546875 0.830078125 0.59765625 0.82421875 0.5950520833333334 0.82421875 0.58984375 0.8203125 0.5859375 0.8212890625 0.5807291666666666 0.8251953125 0.5807291666666666 0.8310546875 0.58203125 0.83203125 0.5846354166666666 0.83203125 0.5924479166666666 0.837890625 0.5950520833333334 0.837890625 0.6028645833333334 0.84375 0.60546875 0.84375 0.6184895833333334 0.8515625 0.625 0.8486328125 0.6276041666666666 0.8427734375 0.6184895833333334 0.8359375 0.6158854166666666 0.8359375 0.6080729166666666 0.830078125
0 0.6236979166666666 0.787109375 0.6158854166666666 0.787109375 0.6145833333333334 0.7880859375 0.6145833333333334 0.8251953125 0.6158854166666666 0.826171875 0.6263020833333334 0.826171875 0.6276041666666666 0.8251953125 0.6276041666666666 0.7919921875 0.6236979166666666 0.787109375
0 0.6028645833333334 0.794921875 0.59765625 0.794921875 0.5950520833333334 0.79296875 0.58984375 0.79296875 0.5872395833333334 0.791015625 0.58203125 0.791015625 0.5794270833333334 0.7890625 0.57421875 0.7890625 0.5716145833333334 0.787109375 0.5611979166666666 0.787109375 0.5598958333333334 0.7880859375 0.5598958333333334 0.7978515625 0.5611979166666666 0.798828125 0.56640625 0.798828125 0.5690104166666666 0.80078125 0.57421875 0.80078125 0.5768229166666666 0.802734375 0.58203125 0.802734375 0.5846354166666666 0.8046875 0.5924479166666666 0.8046875 0.5950520833333334 0.806640625 0.60546875 0.806640625 0.609375 0.8017578125 0.609375 0.7998046875 0.6028645833333334 0.794921875
0 0.3815104166666667 0.865234375 0.3880208333333333 0.8603515625 0.3880208333333333 0.8544921875 0.3580729166666667 0.83203125 0.3541666666666667 0.8330078125 0.3463541666666667 0.8388671875 0.3489583333333333 0.8408203125 0.3489583333333333 0.8427734375 0.37890625 0.865234375 0.3815104166666667 0.865234375
0 0.3255208333333333 0.8466796875 0.328125 0.8447265625 0.328125 0.8349609375 0.3307291666666667 0.8330078125 0.3307291666666667 0.8271484375 0.3294270833333333 0.826171875 0.3216145833333333 0.826171875 0.3203125 0.8271484375 0.3177083333333333 0.8291015625 0.3177083333333333 0.8349609375 0.3151041666666667 0.8369140625 0.3151041666666667 0.8447265625 0.3125 0.8466796875 0.3125 0.8564453125 0.3098958333333333 0.8583984375 0.3098958333333333 0.8623046875 0.3138020833333333 0.865234375 0.3216145833333333 0.865234375 0.3229166666666667 0.8642578125 0.3229166666666667 0.8583984375 0.3255208333333333 0.8564453125 0.3255208333333333 0.8466796875
0 0.3203125 0.7939453125 0.34375 0.8115234375 0.34375 0.8134765625 0.3502604166666667 0.818359375 0.35546875 0.818359375 0.3619791666666667 0.8134765625 0.3619791666666667 0.8095703125 0.3489583333333333 0.7998046875 0.3489583333333333 0.7978515625 0.33203125 0.78515625 0.328125 0.7861328125 0.3203125 0.7919921875 0.3203125 0.7939453125
0 0.4127604166666667 0.794921875 0.41015625 0.794921875 0.3880208333333333 0.8115234375 0.3880208333333333 0.8134765625 0.39453125 0.818359375 0.3971354166666667 0.818359375 0.4075520833333333 0.810546875 0.41015625 0.810546875 0.4322916666666667 0.7939453125 0.4322916666666667 0.7900390625 0.4283854166666667 0.787109375 0.4231770833333333 0.787109375 0.421875 0.7880859375 0.4127604166666667 0.794921875
0 0.6380208333333334 0.5478515625 0.6276041666666666 0.5400390625 0.6276041666666666 0.5380859375 0.6197916666666666 0.5322265625 0.6197916666666666 0.5302734375 0.6145833333333334 0.5263671875 0.6145833333333334 0.5244140625 0.61328125 0.5234375 0.609375 0.5244140625 0.60546875 0.525390625 0.6015625 0.5283203125 0.6015625 0.5302734375 0.609375 0.5361328125 0.609375 0.5380859375 0.6171875 0.5439453125 0.6171875 0.5458984375 0.625 0.5517578125 0.625 0.5537109375 0.62890625 0.556640625 0.6341145833333334 0.556640625 0.640625 0.5517578125 0.6380208333333334 0.5498046875 0.6380208333333334 0.5478515625
0 0.6328125 0.4814453125 0.6302083333333334 0.4755859375 0.625 0.4716796875 0.625 0.4697265625 0.6197916666666666 0.4658203125 0.6197916666666666 0.4638671875 0.6145833333333334 0.4599609375 0.6145833333333334 0.4580078125 0.61328125 0.45703125 0.6080729166666666 0.45703125 0.6067708333333334 0.4580078125 0.6015625 0.4619140625 0.6015625 0.4638671875 0.6041666666666666 0.4658203125 0.6067708333333334 0.4716796875 0.6145833333333334 0.4775390625 0.6145833333333334 0.4794921875 0.6197916666666666 0.4833984375 0.6197916666666666 0.4853515625 0.625 0.4892578125 0.6263020833333334 0.4921875 0.6341145833333334 0.490234375 0.6380208333333334 0.4873046875 0.6380208333333334 0.4853515625 0.6328125 0.4814453125
0 0.55078125 0.4296875 0.5455729166666666 0.42578125 0.5377604166666666 0.423828125 0.5325520833333334 0.419921875 0.5286458333333334 0.4208984375 0.5234375 0.4248046875 0.5234375 0.4287109375 0.52734375 0.431640625 0.53515625 0.43359375 0.54296875 0.439453125 0.5455729166666666 0.439453125 0.55859375 0.447265625 0.5638020833333334 0.447265625 0.5703125 0.4423828125 0.5703125 0.4404296875 0.5638020833333334 0.435546875 0.5611979166666666 0.435546875 0.5533854166666666 0.4296875 0.55078125 0.4296875
0 0.3307291666666667 0.5380859375 0.3307291666666667 0.5341796875 0.328125 0.5322265625 0.328125 0.5283203125 0.3255208333333333 0.5263671875 0.3255208333333333 0.5205078125 0.3229166666666667 0.5185546875 0.3229166666666667 0.5146484375 0.3203125 0.5126953125 0.3203125 0.5087890625 0.31640625 0.505859375 0.3111979166666667 0.505859375 0.3098958333333333 0.5068359375 0.3059895833333333 0.5078125 0.3046875 0.5107421875 0.3072916666666667 0.5126953125 0.3072916666666667 0.5166015625 0.3098958333333333 0.5185546875 0.3098958333333333 0.5244140625 0.3125 0.5263671875 0.3125 0.5302734375 0.3151041666666667 0.5322265625 0.3151041666666667 0.5380859375 0.3177083333333333 0.5400390625 0.3177083333333333 0.5419921875 0.3216145833333333 0.54296875 0.3307291666666667 0.5380859375
0 0.3216145833333333 0.46484375 0.35546875 0.46484375 0.3580729166666667 0.466796875 0.36328125 0.466796875 0.3671875 0.4638671875 0.3671875 0.4580078125 0.3658854166666667 0.45703125 0.35546875 0.45703125 0.3528645833333333 0.455078125 0.3190104166666667 0.455078125 0.3177083333333333 0.4560546875 0.3177083333333333 0.4619140625 0.3216145833333333 0.46484375
0 0.37109375 0.435546875 0.3684895833333333 0.435546875 0.3606770833333333 0.431640625 0.35546875 0.431640625 0.3528645833333333 0.4296875 0.34765625 0.4296875 0.33984375 0.42578125 0.3294270833333333 0.42578125 0.328125 0.4267578125 0.3255208333333333 0.4326171875 0.33203125 0.435546875 0.3372395833333333 0.435546875 0.3450520833333333 0.439453125 0.3502604166666667 0.439453125 0.3528645833333333 0.44140625 0.35546875 0.44140625 0.3580729166666667 0.443359375 0.36328125 0.443359375 0.3658854166666667 0.4453125 0.37109375 0.4453125 0.375 0.4423828125 0.375 0.4384765625 0.37109375 0.435546875
0 0.5716145833333334 0.15234375 0.5794270833333334 0.1484375 0.5846354166666666 0.1484375 0.58984375 0.14453125 0.59765625 0.142578125 0.6015625 0.1396484375 0.5989583333333334 0.1337890625 0.59765625 0.1328125 0.5924479166666666 0.1328125 0.5911458333333334 0.1337890625 0.58984375 0.134765625 0.5846354166666666 0.134765625 0.5716145833333334 0.140625 0.56640625 0.140625 0.5638020833333334 0.142578125 0.5559895833333334 0.14453125 0.5520833333333334 0.1474609375 0.5520833333333334 0.1513671875 0.5546875 0.1533203125 0.5546875 0.1552734375 0.5559895833333334 0.15625 0.5611979166666666 0.15625 0.56640625 0.15234375 0.5716145833333334 0.15234375
0 0.6484375 0.1123046875 0.6484375 0.1103515625 0.6510416666666666 0.1083984375 0.6510416666666666 0.1025390625 0.6471354166666666 0.099609375 0.6393229166666666 0.099609375 0.63671875 0.09765625 0.6315104166666666 0.09765625 0.62890625 0.095703125 0.62109375 0.095703125 0.6184895833333334 0.09375 0.61328125 0.09375 0.6106770833333334 0.091796875 0.60546875 0.091796875 0.6041666666666666 0.0927734375 0.6041666666666666 0.0966796875 0.6015625 0.0986328125 0.6015625 0.1025390625 0.60546875 0.10546875 0.6106770833333334 0.10546875 0.61328125 0.107421875 0.6184895833333334 0.107421875 0.62109375 0.109375 0.6263020833333334 0.109375 0.62890625 0.111328125 0.63671875 0.111328125 0.6393229166666666 0.11328125 0.6471354166666666 0.11328125 0.6484375 0.1123046875
0 0.6158854166666666 0.076171875 0.6184895833333334 0.076171875 0.6223958333333334 0.0732421875 0.6223958333333334 0.0693359375 0.625 0.0673828125 0.625 0.0634765625 0.6236979166666666 0.0625 0.62109375 0.0625 0.61328125 0.05859375 0.6080729166666666 0.05859375 0.60546875 0.056640625 0.6028645833333334 0.056640625 0.59765625 0.052734375 0.5950520833333334 0.052734375 0.5872395833333334 0.048828125 0.58203125 0.048828125 0.5807291666666666 0.0498046875 0.5807291666666666 0.0517578125 0.578125 0.0537109375 0.578125 0.0615234375 0.5794270833333334 0.0625 0.58203125 0.0625 0.5846354166666666 0.064453125 0.5872395833333334 0.064453125 0.58984375 0.06640625 0.5924479166666666 0.06640625 0.5950520833333334 0.068359375 0.59765625 0.068359375 0.6002604166666666 0.0703125 0.6028645833333334 0.0703125 0.6158854166666666 0.076171875
0 0.37109375 0.1875 0.375 0.1845703125 0.375 0.1806640625 0.3776041666666667 0.1787109375 0.3776041666666667 0.1748046875 0.3802083333333333 0.1728515625 0.3802083333333333 0.1669921875 0.3828125 0.1650390625 0.3828125 0.1611328125 0.3854166666666667 0.1591796875 0.3854166666666667 0.1494140625 0.3841145833333333 0.1484375 0.37890625 0.1484375 0.3763020833333333 0.146484375 0.375 0.1474609375 0.3723958333333333 0.1494140625 0.3723958333333333 0.1533203125 0.3697916666666667 0.1552734375 0.3697916666666667 0.1591796875 0.3671875 0.1611328125 0.3671875 0.1669921875 0.3645833333333333 0.1689453125 0.3645833333333333 0.1728515625 0.3619791666666667 0.1748046875 0.3619791666666667 0.1787109375 0.359375 0.1806640625 0.359375 0.1826171875 0.3684895833333333 0.1875 0.37109375 0.1875
0 0.3424479166666667 0.1484375 0.3541666666666667 0.1416015625 0.3541666666666667 0.1376953125 0.3515625 0.1357421875 0.3515625 0.1337890625 0.34765625 0.130859375 0.34375 0.1318359375 0.33984375 0.1328125 0.3346354166666667 0.13671875 0.3268229166666667 0.138671875 0.3216145833333333 0.142578125 0.3138020833333333 0.14453125 0.3072916666666667 0.1494140625 0.3098958333333333 0.1513671875 0.3098958333333333 0.1533203125 0.3138020833333333 0.158203125 0.3190104166666667 0.158203125 0.3216145833333333 0.15625 0.3294270833333333 0.154296875 0.3346354166666667 0.150390625 0.3424479166666667 0.1484375
0 0.3697916666666667 0.1181640625 0.3697916666666667 0.1123046875 0.36328125 0.107421875 0.35546875 0.10546875 0.3502604166666667 0.1015625 0.34765625 0.1015625 0.3424479166666667 0.09765625 0.33984375 0.09765625 0.33203125 0.09375 0.3268229166666667 0.09375 0.3255208333333333 0.0947265625 0.3255208333333333 0.0966796875 0.3229166666666667 0.0986328125 0.3229166666666667 0.1025390625 0.3294270833333333 0.107421875 0.33203125 0.107421875 0.3346354166666667 0.109375 0.3372395833333333 0.109375 0.3424479166666667 0.11328125 0.3450520833333333 0.11328125 0.34765625 0.115234375 0.35546875 0.1171875 0.3606770833333333 0.12109375 0.3658854166666667 0.12109375 0.3697916666666667 0.1181640625