0 0.4 0.6859375 0.0484375 0.1421875
0 0.4203125 0.6078125 0.1375 0.046875
3 0.4425325765625 0.628202428125 0.43293010781249996 0.6744149953125 0.4304736453125 0.6875866859374999 0.4331534046875 0.6904889265625 0.45800002500000003 0.6922337703125 0.46196085625 0.6784334750000001 0.4704467734375 0.631104659375 0.4425325765625 0.628202428125
1 0.4850367234375 0.77222199375 0.463598640625 0.7983421421875 0.4591323734375 0.8128533265625 0.48661717343750005 0.8339235578125 0.5136208765625 0.79945838125 0.5127276234375 0.7929841578125 0.4850367234375 0.77222199375
0 0.5150249390625 0.6385321546875 0.5128447484375 0.6365705609375001 0.47207532499999993 0.6359166890625 0.46815098906249997 0.6463785515625 0.48079605000000003 0.777369740625 0.48450236249999995 0.772356765625 0.49552126875 0.7786127031250001 0.5285420734375 0.7784595109375 0.5344285578125 0.7649462890625001 0.5344285578125 0.7623308171875001 0.5150249390625 0.6385321546875
4 0.40482511875 0.568785590625 0.39959266250000003 0.58600405625 0.398720590625 0.5905811296875 0.395010546875 0.6065519765625 0.42379270937499997 0.6130305296875 0.43294948125 0.5755421968750001 0.40482511875 0.568785590625
3 0.793681984375 0.3830678796875 0.7772993687499999 0.3830678796875 0.769204440625 0.39771161875 0.791673028125 0.4296258609375 0.8071735234374999 0.43027465156250005 0.8152684328124999 0.41563093125000006 0.793681984375 0.3830678796875
0 0.6553108171875001 0.3830369546875 0.6283277359375 0.38534912499999996 0.6227383828125 0.3996074984375 0.665167271875 0.46034868749999996 0.693472603125 0.45798975000000003 0.6992546984375 0.44373138125 0.6553108171875001 0.3830369546875
2 0.5705626390625 0.3859722734375 0.5609482453125 0.3943655203125 0.5566150000000001 0.409256759375 0.5693439109375 0.41697313124999996 0.6137801703125 0.4399698140625 0.6241865828125001 0.433082746875 0.6289260640625 0.41751462968749997 0.5705626390625 0.3859722734375
1 0.48661717343750005 0.9160764421875 0.4591323734375 0.9371466734375 0.463598640625 0.9516578578124999 0.4850367234375 0.97777800625 0.5127276234375 0.9570158421875 0.5136208765625 0.95054161875 0.48661717343750005 0.9160764421875
0 0.5324958843750001 1 0.5344285578125 0.9876691828125 0.5344285578125 0.9850537109375 0.5285420734375 0.9715404890625001 0.49552126875 0.9713872968749999 0.48450236249999995 0.9776432343750001 0.48079605000000003 0.972630259375 0.47815394843750003 1 0.5324958843750001 1