1 0.575 0.5203125 0.04375 0.0375
3 0.31597222187499996 0.42633928593750003 0.31597222187499996 0.42881944375 0.3360615078125 0.4375 0.341021825 0.43824404687499996 0.3425099203125 0.4375 0.3459821421875 0.43055555625 0.360119046875 0.387648809375 0.3501984125 0.3829365078125 0.33506944375000003 0.377480159375 0.33258928593750003 0.380704365625 0.3234126984375 0.4052579359375 0.31597222187499996 0.42633928593750003
3 0.5426587296875 0.45262896875 0.5508432546875001 0.46502976250000005 0.556299603125 0.46924603125 0.565476190625 0.46875 0.5704365078125 0.4670138890625 0.5716765875 0.46453372968749995 0.57862103125 0.4635416671875 0.580605159375 0.4623015875 0.5895337296875 0.424851190625 0.590773809375 0.41865079375 0.59052579375 0.41344246093750003 0.5793650796875001 0.40277777812500004 0.5758928578125 0.4010416671875 0.571924603125 0.4010416671875 0.5535714281249999 0.40426587343750003 0.5505952375 0.406498015625 0.5426587296875 0.45262896875
3 0.5262896828125 0.33159722187499996 0.5195932546875001 0.3387896828125 0.5195932546875001 0.346230159375 0.5223214281249999 0.353670634375 0.5240575390625 0.3630952375 0.52802579375 0.3673115078125 0.5327380953125 0.3678075390625 0.543402778125 0.3668154765625 0.5491071421875 0.36532738125 0.5535714281249999 0.36259920625 0.583829365625 0.3296130953125 0.5858134921875 0.3241567453125 0.580853175 0.3102678578125 0.578869046875 0.299851190625 0.577380953125 0.2983630953125 0.5726686515625 0.297619046875 0.559523809375 0.299603175 0.5481150796875001 0.30282738125 0.5262896828125 0.33159722187499996
4 0.43328372968749995 0.2790178578125 0.43303571406249997 0.2827380953125 0.440228175 0.3023313484375 0.444196428125 0.30282738125 0.46180555625 0.299603175 0.46875 0.29092261875 0.46949404687499996 0.2876984125 0.462549603125 0.268105159375 0.46155753906249997 0.266369046875 0.4595734125 0.266369046875 0.44122023749999995 0.2693452375 0.437748015625 0.2720734125 0.43328372968749995 0.2790178578125
4 0.4704861109375 0.63740079375 0.48090277812500004 0.6493055562500001 0.48635912656249997 0.6540178578125 0.4935515875 0.652777778125 0.5104166671875 0.634920634375 0.5104166671875 0.6329365078125 0.5074404765625 0.6292162703125 0.4947916671875 0.6160714281249999 0.49156746093750003 0.615079365625 0.48487103125 0.6180555562500001 0.4697420640625 0.634424603125 0.4704861109375 0.63740079375
3 0.48511904687499996 0.7274305562500001 0.4858630953125 0.731646825 0.506200396875 0.737847221875 0.534226190625 0.7380952375 0.5376984125 0.737103175 0.5404265875 0.7289186515625 0.543402778125 0.7140376984375 0.543402778125 0.7085813484375 0.521825396875 0.7016369046875 0.515625 0.7013888890625 0.49404761875 0.703869046875 0.491071428125 0.7053571421875 0.48511904687499996 0.7274305562500001
0 0.312251984375 0.541170634375 0.31299603125000003 0.5488591265625 0.3382936515625 0.5927579359374999 0.3459821421875 0.60342261875 0.3616071421875 0.63095238125 0.37599206406249996 0.653769840625 0.37847222187499996 0.656498015625 0.381200396875 0.6577380953125 0.3928571421875 0.6577380953125 0.4047619046875 0.6493055562500001 0.412450396875 0.6423611109375 0.41468253906249997 0.639880953125 0.415178571875 0.63740079375 0.4166666671875 0.6369047625 0.4201388890625 0.6324404765625 0.4203869046875 0.6297123015625 0.41865079375 0.62450396875 0.412946428125 0.615575396875 0.412946428125 0.6138392859375 0.41468253906249997 0.6113591265625 0.41468253906249997 0.6078869046875 0.4074900796875 0.6001984125 0.4012896828125 0.590277778125 0.3985615078125 0.5885416671875 0.396825396875 0.5885416671875 0.3926091265625 0.5830853171875 0.37946428593750003 0.559771825 0.3764880953125 0.556299603125 0.3710317453125 0.5458829359374999 0.361855159375 0.53174603125 0.3581349203125 0.521825396875 0.35243055624999997 0.518105159375 0.349454365625 0.518105159375 0.3244047625 0.53125 0.3139880953125 0.5381944437499999 0.312251984375 0.541170634375
0 0.5334821421875 0.7859623015625 0.5203373015625 0.8400297625 0.518353175 0.849950396875 0.518353175 0.8551587296875001 0.5208333328125 0.85887896875 0.5248015875 0.859623015625 0.5332341265625 0.8638392859374999 0.5575396828125 0.8705357140625001 0.5634920640625001 0.8712797625 0.56572420625 0.869295634375 0.5689484125 0.8606150796875 0.5726686515625 0.841021825 0.5763888890625 0.82862103125 0.5927579359374999 0.750744046875 0.59375 0.7395833328125 0.5922619046875 0.737351190625 0.5835813484375 0.7326388890625 0.56845238125 0.7271825390625 0.5548115078125 0.7237103171875 0.5486111109375 0.7237103171875 0.547123015625 0.7251984125 0.54365079375 0.737847221875 0.5334821421875 0.7859623015625
0 0.421875 0.28472222187499996 0.42261904687499996 0.28993055624999997 0.4300595234375 0.3102678578125 0.45510912656249997 0.39161706406249996 0.45758928593750003 0.3945932546875 0.4635416671875 0.39384920625 0.468501984375 0.39161706406249996 0.471230159375 0.387896825 0.47743055625 0.3824404765625 0.4923115078125 0.3648313484375 0.4925595234375 0.3613591265625 0.4766865078125 0.3107638890625 0.4697420640625 0.2921626984375 0.46800595312500004 0.2919146828125 0.46527777812500004 0.296626984375 0.46155753906249997 0.299355159375 0.4456845234375 0.302579365625 0.440476190625 0.302579365625 0.43303571406249997 0.28174603125000003 0.43328372968749995 0.278769840625 0.43551587343750003 0.27430555624999997 0.4325396828125 0.2733134921875 0.4283234125 0.2740575390625 0.42410714218749995 0.278521825 0.421875 0.28472222187499996
0 0.49131944375 0.2986111109375 0.49429563437499996 0.31597222187499996 0.506200396875 0.356894840625 0.5178571421875 0.40228174531249994 0.5257936515625 0.4268353171875 0.5295138890625 0.4268353171875 0.5357142859375 0.422123015625 0.547619046875 0.419394840625 0.5486111109375 0.41790674531249994 0.55009920625 0.4077380953125 0.5513392859375 0.40550595312500004 0.5714285718750001 0.40178571406249997 0.57217261875 0.4007936515625 0.559523809375 0.35590277812500004 0.5577876984375 0.3556547625 0.5518353171875 0.362103175 0.549603175 0.3633432546875 0.53125 0.3668154765625 0.5267857140625 0.36631944375000003 0.5245535718750001 0.3616071421875 0.519097221875 0.343501984375 0.5193452375 0.3382936515625 0.5262896828125 0.3303571421875 0.5352182546875001 0.3172123015625 0.5431547625 0.3085317453125 0.546130953125 0.30357142812500004 0.549851190625 0.3008432546875 0.5505952375 0.2988591265625 0.54737103125 0.29365079375 0.5416666671875 0.2876984125 0.53720238125 0.2854662703125 0.5324900796875001 0.2849702375 0.5022321421875 0.28794642812500004 0.49677579375 0.291170634375 0.49131944375 0.2986111109375
0 0.46676587343750003 0.3928571421875 0.46527777812500004 0.3955853171875 0.46502976250000005 0.4007936515625 0.4699900796875 0.4171626984375 0.4742063484375 0.4293154765625 0.4769345234375 0.4327876984375 0.486855159375 0.431299603125 0.497271825 0.4283234125 0.5079365078125 0.4171626984375 0.5195932546875001 0.4074900796875 0.512896825 0.3792162703125 0.505704365625 0.3541666671875 0.5039682546875001 0.3521825390625 0.4990079359375 0.356398809375 0.4766865078125 0.3826884921875 0.46676587343750003 0.3928571421875
0 0.5376984125 0.42881944375 0.5257936515625 0.4362599203125 0.4908234125 0.4637896828125 0.49007936562500004 0.46875 0.497023809375 0.49553571406249997 0.49925595312500004 0.5009920640625001 0.500744046875 0.5017361109375 0.50595238125 0.5014880953125 0.5205853171875 0.497519840625 0.5359623015625 0.487103175 0.5520833328125 0.4789186515625 0.55654761875 0.47445436562500004 0.556795634375 0.4699900796875 0.5585317453124999 0.471230159375 0.559771825 0.47098214218749995 0.55927579375 0.46875 0.556795634375 0.46949404687499996 0.5553075390625 0.46875 0.549851190625 0.4635416671875 0.5429067453124999 0.452876984375 0.54365079375 0.44171627031250005 0.546130953125 0.4295634921875 0.546130953125 0.42757936562500004 0.5451388890625 0.4273313484375 0.54365079375 0.42881944375 0.54092261875 0.428075396875 0.5376984125 0.42881944375
2 0.525545634375 0.556795634375 0.528273809375 0.5570436515625 0.53720238125 0.5540674609375 0.55282738125 0.546875 0.5553075390625 0.5448908734375 0.5577876984375 0.5448908734375 0.5610119046875 0.543402778125 0.5570436515625 0.5349702375 0.5515873015625 0.518353175 0.549851190625 0.5178571421875 0.518353175 0.53447420625 0.519097221875 0.5404265875 0.525545634375 0.556795634375