0 0.7024311625 0.7163628703125 0.5675362484375001 0.8873627484375 0.5729561328125 0.895190175 0.6310752234375 0.949756575 0.7247128421875 0.832570528125 0.7710829718750001 0.7651339609375001 0.7168841296874999 0.715158671875 0.7024311625 0.7163628703125
0 0.665696346875 0.7079333125 0.665696346875 0.700707953125 0.61511075 0.6657854609375 0.604873209375 0.662774890625 0.4826247046875 0.84942964375 0.4832269328125 0.856655003125 0.54437108125 0.90098549375 0.5524810109375 0.8867605953125001 0.5598687578125 0.8755787343750001 0.665696346875 0.7079333125
0 0.6350302484375 0.4146810171875 0.6007588015625 0.40029779843749996 0.5186765640625 0.575857734375 0.5186765640625 0.5898179406249999 0.550997228125 0.6039896140625001 0.558448359375 0.5970095109375 0.6346071328125 0.42144959687499994 0.6350302484375 0.4146810171875
0 0.5444859281250001 0.43498675468750003 0.54321660625 0.4277951265625 0.484405115625 0.4117197765625 0.423478096875 0.5923561171875 0.425170509375 0.6025090296875 0.4881763859375 0.6201707390625 0.506406571875 0.5855875687500001 0.543639721875 0.452331221875 0.5444859281250001 0.43498675468750003
4 0.565361509375 0.392422575 0.5327764296875 0.41385667187499997 0.5324905859375 0.42585976406250003 0.5439239453125 0.42814606875 0.545251178125 0.4472581375 0.5544998156250001 0.457582228125 0.5813682359375 0.4395775875 0.5887999140625 0.4230018859375 0.565361509375 0.392422575
0 0.39682551093749996 0.44235574531250005 0.2986879671875 0.61349820625 0.36678627656249996 0.6469660703125 0.4576859953125 0.48000708750000004 0.45426259375000005 0.4647944234375 0.4006292765625 0.44007384062500005 0.39682551093749996 0.44235574531250005
0 0.409758340625 0.4345237453125 0.40405267812499995 0.4208323359375 0.350038996875 0.39953460937499996 0.24999958281249998 0.5636767390624999 0.2507603359375 0.5705224390625 0.3051749890625 0.5977626093749999 0.39606473124999997 0.44022848750000004 0.40709571718750004 0.4432710078125 0.409758340625 0.4345237453125
1 0.5041458125 0.196772428125 0.49940245 0.19494835 0.46473936250000003 0.195677990625 0.46218526249999997 0.1996909546875 0.4632798703125 0.23106510937500002 0.4636447546875 0.25149476875 0.46651303125 0.2540940859375 0.5026863203125 0.25368366875000004 0.5041458125 0.2500355125 0.5045106984375 0.22778175625000002 0.5041458125 0.196772428125
3 0.46255014843750003 0.206257634375 0.43664404218749997 0.18546316093749998 0.3903049640625 0.2255928703125 0.39322395 0.24273920312500002 0.39942683125 0.24638735781249999 0.404129559375 0.2581982609375 0.41949491562499996 0.2693707546875 0.4636447546875 0.2299706546875 0.46255014843750003 0.206257634375
2 0.2961673421875 0.3416042359375 0.3235329140625 0.35619685625 0.3286411640625 0.356561684375 0.3892103328125 0.2806800203125 0.393588834375 0.28323373281249997 0.40635943281250003 0.266452215625 0.4004358 0.2504003265625 0.37242611718749996 0.23142991093749998 0.288869853125 0.32044492343750003 0.2961673421875 0.3416042359375
3 0.3544617953125 0.35265725312499996 0.38456775625 0.3728621046875 0.394878025 0.36007944687500004 0.3924035703125 0.34069929375 0.4216847421875 0.309361121875 0.42127231875 0.302763628125 0.39317826562499997 0.2839504234375 0.389929115625 0.28132173437499997 0.3486880671875 0.33286474374999997 0.3544617953125 0.35265725312499996
3 0.46416303125 0.2644156375 0.3924035703125 0.34152396406249996 0.39642547499999997 0.3604917890625 0.42828328750000005 0.37987195625000003 0.4959187140625 0.304413 0.49509381093749993 0.281734078125 0.46416303125 0.2644156375