0 0.333984375 0.7643229166666666 0.333984375 0.8033854166666666 0.3388671875 0.8072916666666666 0.3408203125 0.8046875 0.3564453125 0.8046875 0.361328125 0.7955729166666666 0.361328125 0.7669270833333334 0.359375 0.7643229166666666 0.359375 0.66796875 0.357421875 0.6653645833333334 0.3564453125 0.6640625 0.3388671875 0.6640625 0.33203125 0.6705729166666666 0.33203125 0.76171875 0.333984375 0.7643229166666666
0 0.4267578125 0.8072916666666666 0.4462890625 0.8072916666666666 0.44921875 0.8033854166666666 0.44921875 0.6653645833333334 0.4482421875 0.6640625 0.4306640625 0.6640625 0.42578125 0.66796875 0.42578125 0.8059895833333334 0.4267578125 0.8072916666666666
0 0.501953125 0.7278645833333334 0.50390625 0.73046875 0.50390625 0.7669270833333334 0.505859375 0.76953125 0.505859375 0.7981770833333334 0.5078125 0.80078125 0.5078125 0.8138020833333334 0.5087890625 0.8151041666666666 0.5283203125 0.8151041666666666 0.53125 0.8111979166666666 0.53125 0.77734375 0.529296875 0.7747395833333334 0.529296875 0.74609375 0.52734375 0.7434895833333334 0.52734375 0.7044270833333334 0.525390625 0.7018229166666666 0.525390625 0.6783854166666666 0.5234375 0.67578125 0.5224609375 0.6744791666666666 0.5029296875 0.6744791666666666 0.5 0.6809895833333334 0.501953125 0.68359375 0.501953125 0.7278645833333334
0 0.59765625 0.8033854166666666 0.59765625 0.8111979166666666 0.5986328125 0.8125 0.6201171875 0.8125 0.623046875 0.80859375 0.623046875 0.6783854166666666 0.619140625 0.6731770833333334 0.6181640625 0.671875 0.5986328125 0.671875 0.595703125 0.67578125 0.595703125 0.80078125 0.59765625 0.8033854166666666
0 0.671875 0.6731770833333334 0.671875 0.7981770833333334 0.673828125 0.80078125 0.673828125 0.8033854166666666 0.6787109375 0.8098958333333334 0.6982421875 0.8098958333333334 0.69921875 0.80859375 0.69921875 0.78515625 0.701171875 0.7825520833333334 0.701171875 0.6731770833333334 0.6982421875 0.6692708333333334 0.6953125 0.66796875 0.6943359375 0.6666666666666666 0.6845703125 0.6666666666666666 0.6826171875 0.6692708333333334 0.6748046875 0.6692708333333334 0.671875 0.6731770833333334
0 0.23828125 0.4986979166666667 0.23828125 0.54296875 0.240234375 0.5455729166666666 0.240234375 0.5794270833333334 0.2431640625 0.5833333333333334 0.2509765625 0.5833333333333334 0.2529296875 0.5807291666666666 0.2685546875 0.5807291666666666 0.271484375 0.5768229166666666 0.271484375 0.5533854166666666 0.26953125 0.55078125 0.26953125 0.5091145833333334 0.267578125 0.5065104166666666 0.267578125 0.4596354166666667 0.265625 0.45703125 0.265625 0.4466145833333333 0.2646484375 0.4453125 0.2373046875 0.4453125 0.236328125 0.4466145833333333 0.236328125 0.49609375 0.23828125 0.4986979166666667
0 0.3291015625 0.578125 0.3544921875 0.578125 0.357421875 0.57421875 0.357421875 0.44140625 0.3564453125 0.4401041666666667 0.3291015625 0.4401041666666667 0.328125 0.44140625 0.328125 0.5768229166666666 0.3291015625 0.578125
0 0.41796875 0.5299479166666666 0.41796875 0.5872395833333334 0.4189453125 0.5885416666666666 0.4345703125 0.5885416666666666 0.4365234375 0.5911458333333334 0.4404296875 0.5911458333333334 0.443359375 0.5872395833333334 0.443359375 0.5221354166666666 0.4453125 0.51953125 0.4453125 0.4518229166666667 0.4443359375 0.4505208333333333 0.4228515625 0.4505208333333333 0.419921875 0.4544270833333333 0.419921875 0.52734375 0.41796875 0.5299479166666666
0 0.509765625 0.4908854166666667 0.509765625 0.5559895833333334 0.5078125 0.55859375 0.5078125 0.59765625 0.5087890625 0.5989583333333334 0.5302734375 0.5989583333333334 0.533203125 0.5924479166666666 0.533203125 0.53515625 0.53515625 0.5325520833333334 0.53515625 0.4622395833333333 0.5341796875 0.4609375 0.5126953125 0.4609375 0.51171875 0.4622395833333333 0.51171875 0.48828125 0.509765625 0.4908854166666667
0 0.5947265625 0.5963541666666666 0.6181640625 0.5963541666666666 0.619140625 0.5950520833333334 0.619140625 0.5872395833333334 0.62109375 0.5846354166666666 0.62109375 0.48046875 0.619140625 0.4778645833333333 0.619140625 0.4596354166666667 0.6181640625 0.4583333333333333 0.5927734375 0.4583333333333333 0.591796875 0.4596354166666667 0.591796875 0.58984375 0.5947265625 0.5963541666666666
0 0.671875 0.53515625 0.671875 0.59765625 0.6767578125 0.6015625 0.6982421875 0.6015625 0.701171875 0.59765625 0.701171875 0.4674479166666667 0.69921875 0.46484375 0.6982421875 0.4635416666666667 0.6767578125 0.4635416666666667 0.673828125 0.4674479166666667 0.673828125 0.5325520833333334 0.671875 0.53515625
0 0.7578125 0.4596354166666667 0.7578125 0.50390625 0.755859375 0.5065104166666666 0.755859375 0.55859375 0.75390625 0.5611979166666666 0.75390625 0.58984375 0.7587890625 0.59375 0.7666015625 0.59375 0.7685546875 0.5963541666666666 0.7705078125 0.59375 0.7724609375 0.59375 0.7744140625 0.5963541666666666 0.7822265625 0.5963541666666666 0.78515625 0.5924479166666666 0.78515625 0.5690104166666666 0.787109375 0.56640625 0.787109375 0.5221354166666666 0.7890625 0.51953125 0.7890625 0.4752604166666667 0.791015625 0.47265625 0.791015625 0.4596354166666667 0.787109375 0.45703125 0.7861328125 0.4557291666666667 0.7841796875 0.4583333333333333 0.7822265625 0.4557291666666667 0.7607421875 0.4557291666666667 0.7578125 0.4596354166666667
0 0.765625 0.23046875 0.765625 0.2591145833333333 0.763671875 0.26171875 0.763671875 0.3268229166666667 0.76171875 0.3294270833333333 0.76171875 0.3606770833333333 0.7646484375 0.3645833333333333 0.7919921875 0.3645833333333333 0.794921875 0.3606770833333333 0.794921875 0.3059895833333333 0.796875 0.3033854166666667 0.796875 0.23046875 0.798828125 0.22786458333333334 0.794921875 0.22265625 0.7939453125 0.22135416666666666 0.7763671875 0.22135416666666666 0.7705078125 0.2265625 0.7685546875 0.2265625 0.765625 0.23046875
0 0.681640625 0.22786458333333334 0.681640625 0.24088541666666666 0.6796875 0.24348958333333334 0.6796875 0.2981770833333333 0.677734375 0.30078125 0.677734375 0.33203125 0.67578125 0.3346354166666667 0.67578125 0.3606770833333333 0.6787109375 0.3645833333333333 0.7021484375 0.3645833333333333 0.705078125 0.3606770833333333 0.705078125 0.33984375 0.70703125 0.3372395833333333 0.70703125 0.3059895833333333 0.708984375 0.3033854166666667 0.708984375 0.26953125 0.7109375 0.2669270833333333 0.7109375 0.22265625 0.7099609375 0.22135416666666666 0.6962890625 0.22135416666666666 0.6953125 0.22005208333333334 0.6943359375 0.21875 0.6904296875 0.21875 0.6884765625 0.22135416666666666 0.6865234375 0.22135416666666666 0.681640625 0.22786458333333334
0 0.595703125 0.22786458333333334 0.595703125 0.2565104166666667 0.59375 0.2591145833333333 0.59375 0.2981770833333333 0.591796875 0.30078125 0.591796875 0.34765625 0.58984375 0.3502604166666667 0.58984375 0.35546875 0.5927734375 0.359375 0.5966796875 0.359375 0.5986328125 0.3619791666666667 0.6142578125 0.3619791666666667 0.6171875 0.35546875 0.6171875 0.32421875 0.619140625 0.3216145833333333 0.619140625 0.28515625 0.62109375 0.2825520833333333 0.62109375 0.24348958333333334 0.623046875 0.24088541666666666 0.623046875 0.22005208333333334 0.6220703125 0.21875 0.5986328125 0.21875 0.59765625 0.22005208333333334 0.59765625 0.22526041666666666 0.595703125 0.22786458333333334
0 0.509765625 0.2903645833333333 0.509765625 0.3528645833333333 0.5126953125 0.3567708333333333 0.5322265625 0.3567708333333333 0.53515625 0.3528645833333333 0.53515625 0.2591145833333333 0.537109375 0.2565104166666667 0.537109375 0.21744791666666666 0.53515625 0.21484375 0.5341796875 0.21354166666666666 0.5146484375 0.21354166666666666 0.51171875 0.21744791666666666 0.51171875 0.2877604166666667 0.509765625 0.2903645833333333
0 0.419921875 0.22265625 0.419921875 0.3372395833333333 0.41796875 0.33984375 0.41796875 0.3502604166666667 0.4208984375 0.3541666666666667 0.4326171875 0.3541666666666667 0.4345703125 0.3567708333333333 0.4423828125 0.3567708333333333 0.4453125 0.3528645833333333 0.4453125 0.26171875 0.447265625 0.2591145833333333 0.447265625 0.21484375 0.4453125 0.21223958333333334 0.4443359375 0.2109375 0.4228515625 0.2109375 0.421875 0.21223958333333334 0.421875 0.22005208333333334 0.419921875 0.22265625
0 0.32421875 0.27734375 0.32421875 0.3450520833333333 0.326171875 0.34765625 0.326171875 0.3528645833333333 0.3310546875 0.3567708333333333 0.3505859375 0.3567708333333333 0.353515625 0.3528645833333333 0.353515625 0.3111979166666667 0.3515625 0.30859375 0.3515625 0.21744791666666666 0.34765625 0.21223958333333334 0.3466796875 0.2109375 0.3271484375 0.2109375 0.322265625 0.21484375 0.322265625 0.2747395833333333 0.32421875 0.27734375
0 0.236328125 0.24088541666666666 0.236328125 0.3528645833333333 0.2392578125 0.3567708333333333 0.2666015625 0.3567708333333333 0.267578125 0.35546875 0.267578125 0.24348958333333334 0.265625 0.24088541666666666 0.265625 0.23567708333333334 0.267578125 0.23307291666666666 0.267578125 0.22265625 0.2626953125 0.21614583333333334 0.259765625 0.21484375 0.2587890625 0.21354166666666666 0.2392578125 0.21354166666666666 0.234375 0.22265625 0.234375 0.23828125 0.236328125 0.24088541666666666