0 0.1318359375 0.4088541666666667 0.1396484375 0.4088541666666667 0.1416015625 0.4114583333333333 0.14453125 0.41015625 0.1474609375 0.4088541666666667 0.150390625 0.4049479166666667 0.150390625 0.40234375 0.1455078125 0.3958333333333333 0.1396484375 0.3958333333333333 0.1376953125 0.3932291666666667 0.1259765625 0.3932291666666667 0.1240234375 0.390625 0.1201171875 0.390625 0.115234375 0.39453125 0.115234375 0.3997395833333333 0.1201171875 0.40625 0.1298828125 0.40625 0.1318359375 0.4088541666666667
0 0.208984375 0.4309895833333333 0.208984375 0.43359375 0.2119140625 0.4401041666666667 0.2197265625 0.4401041666666667 0.220703125 0.4388020833333333 0.220703125 0.4361979166666667 0.22265625 0.43359375 0.22265625 0.4283854166666667 0.2265625 0.4231770833333333 0.2265625 0.4205729166666667 0.228515625 0.41796875 0.228515625 0.4049479166666667 0.2275390625 0.4036458333333333 0.2216796875 0.4036458333333333 0.216796875 0.41015625 0.216796875 0.4127604166666667 0.21484375 0.4153645833333333 0.21484375 0.41796875 0.208984375 0.4309895833333333
0 0.13671875 0.5768229166666666 0.138671875 0.5846354166666666 0.1416015625 0.5885416666666666 0.1474609375 0.5885416666666666 0.1484375 0.5872395833333334 0.150390625 0.5846354166666666 0.150390625 0.58203125 0.1552734375 0.5755208333333334 0.1572265625 0.5755208333333334 0.16015625 0.5716145833333334 0.16015625 0.5690104166666666 0.1630859375 0.5677083333333334 0.171875 0.5559895833333334 0.171875 0.55078125 0.1669921875 0.5442708333333334 0.1630859375 0.5442708333333334 0.1474609375 0.5651041666666666 0.1455078125 0.5651041666666666 0.13671875 0.5768229166666666
0 0.1904296875 0.65625 0.1962890625 0.6614583333333334 0.2001953125 0.6614583333333334 0.2041015625 0.6666666666666666 0.2080078125 0.6666666666666666 0.2177734375 0.6744791666666666 0.2216796875 0.6744791666666666 0.22265625 0.6731770833333334 0.2265625 0.66796875 0.2265625 0.6627604166666666 0.2216796875 0.65625 0.2177734375 0.65625 0.2080078125 0.6484375 0.2041015625 0.6484375 0.2021484375 0.6458333333333334 0.2001953125 0.6458333333333334 0.1982421875 0.6432291666666666 0.1943359375 0.6432291666666666 0.1923828125 0.640625 0.185546875 0.6497395833333334 0.1884765625 0.65625 0.1904296875 0.65625
0 0.328125 0.66015625 0.330078125 0.6627604166666666 0.330078125 0.6653645833333334 0.3310546875 0.6666666666666666 0.3369140625 0.6666666666666666 0.337890625 0.6653645833333334 0.33984375 0.6627604166666666 0.33984375 0.6471354166666666 0.341796875 0.64453125 0.341796875 0.62890625 0.34375 0.6263020833333334 0.34375 0.62109375 0.3408203125 0.6145833333333334 0.3349609375 0.6145833333333334 0.33203125 0.6184895833333334 0.33203125 0.6263020833333334 0.330078125 0.62890625 0.330078125 0.6471354166666666 0.328125 0.6497395833333334 0.328125 0.66015625
0 0.34375 0.5716145833333334 0.3466796875 0.5755208333333334 0.3583984375 0.5755208333333334 0.359375 0.57421875 0.3603515625 0.5729166666666666 0.3701171875 0.5729166666666666 0.3720703125 0.5703125 0.3818359375 0.5703125 0.3828125 0.5690104166666666 0.3828125 0.5559895833333334 0.3818359375 0.5546875 0.3701171875 0.5546875 0.3681640625 0.5572916666666666 0.3583984375 0.5572916666666666 0.3564453125 0.5598958333333334 0.3466796875 0.5598958333333334 0.34375 0.5638020833333334 0.34375 0.5716145833333334
0 0.3662109375 0.5182291666666666 0.3720703125 0.5234375 0.3759765625 0.5234375 0.3779296875 0.5260416666666666 0.3798828125 0.5260416666666666 0.3837890625 0.53125 0.3896484375 0.53125 0.390625 0.5299479166666666 0.392578125 0.52734375 0.392578125 0.51953125 0.3896484375 0.515625 0.3876953125 0.515625 0.3857421875 0.5130208333333334 0.3818359375 0.5130208333333334 0.3798828125 0.5104166666666666 0.3779296875 0.5104166666666666 0.3681640625 0.5026041666666666 0.3623046875 0.5026041666666666 0.359375 0.5065104166666666 0.359375 0.51171875 0.3642578125 0.5182291666666666 0.3662109375 0.5182291666666666
0 0.3447265625 0.4479166666666667 0.3623046875 0.4479166666666667 0.36328125 0.4466145833333333 0.36328125 0.43359375 0.3623046875 0.4322916666666667 0.3505859375 0.4322916666666667 0.3486328125 0.4348958333333333 0.3310546875 0.4348958333333333 0.328125 0.4388020833333333 0.328125 0.4466145833333333 0.3310546875 0.4505208333333333 0.3427734375 0.4505208333333333 0.34375 0.44921875 0.3447265625 0.4479166666666667
0 0.455078125 0.4075520833333333 0.455078125 0.3997395833333333 0.447265625 0.3893229166666667 0.447265625 0.38671875 0.4404296875 0.3776041666666667 0.4345703125 0.3776041666666667 0.43359375 0.37890625 0.43359375 0.3893229166666667 0.443359375 0.40234375 0.443359375 0.4049479166666667 0.4482421875 0.4114583333333333 0.4521484375 0.4114583333333333 0.453125 0.41015625 0.455078125 0.4075520833333333
0 0.44921875 0.4778645833333333 0.451171875 0.48046875 0.451171875 0.4830729166666667 0.45703125 0.49609375 0.45703125 0.5013020833333334 0.4599609375 0.5052083333333334 0.4658203125 0.5052083333333334 0.466796875 0.50390625 0.46875 0.5013020833333334 0.46875 0.49609375 0.466796875 0.4934895833333333 0.466796875 0.4908854166666667 0.46484375 0.48828125 0.46484375 0.4856770833333333 0.462890625 0.4830729166666667 0.462890625 0.48046875 0.4609375 0.4778645833333333 0.458984375 0.4700520833333333 0.4560546875 0.4661458333333333 0.4501953125 0.4661458333333333 0.44921875 0.4674479166666667 0.44921875 0.4778645833333333
0 0.583984375 0.4700520833333333 0.5869140625 0.4739583333333333 0.58984375 0.47265625 0.5908203125 0.4713541666666667 0.6005859375 0.4713541666666667 0.6025390625 0.46875 0.6162109375 0.46875 0.619140625 0.46484375 0.619140625 0.4596354166666667 0.6162109375 0.453125 0.6103515625 0.453125 0.6083984375 0.4557291666666667 0.5966796875 0.4557291666666667 0.5947265625 0.4583333333333333 0.5849609375 0.4583333333333333 0.583984375 0.4596354166666667 0.583984375 0.4700520833333333
0 0.625 0.5299479166666666 0.625 0.5221354166666666 0.6220703125 0.5182291666666666 0.5966796875 0.5182291666666666 0.5947265625 0.515625 0.5908203125 0.515625 0.587890625 0.51953125 0.587890625 0.5299479166666666 0.5888671875 0.53125 0.5986328125 0.53125 0.6005859375 0.5338541666666666 0.6220703125 0.5338541666666666 0.623046875 0.5325520833333334 0.625 0.5299479166666666
0 0.630859375 0.36328125 0.630859375 0.3658854166666667 0.6328125 0.3684895833333333 0.634765625 0.3763020833333333 0.6376953125 0.3802083333333333 0.6435546875 0.3802083333333333 0.64453125 0.37890625 0.64453125 0.3763020833333333 0.646484375 0.3736979166666667 0.64453125 0.37109375 0.64453125 0.3684895833333333 0.642578125 0.3658854166666667 0.642578125 0.36328125 0.640625 0.3606770833333333 0.638671875 0.3528645833333333 0.6337890625 0.3463541666666667 0.6318359375 0.3489583333333333 0.6298828125 0.3489583333333333 0.62890625 0.3502604166666667 0.62890625 0.3606770833333333 0.630859375 0.36328125
0 0.703125 0.5247395833333334 0.705078125 0.52734375 0.705078125 0.5325520833333334 0.7099609375 0.5416666666666666 0.7158203125 0.5416666666666666 0.716796875 0.5403645833333334 0.71875 0.5377604166666666 0.71875 0.5325520833333334 0.716796875 0.5299479166666666 0.716796875 0.5247395833333334 0.71484375 0.5221354166666666 0.71484375 0.5169270833333334 0.7109375 0.5091145833333334 0.7109375 0.50390625 0.7080078125 0.5 0.7021484375 0.5 0.69921875 0.50390625 0.69921875 0.51171875 0.703125 0.51953125 0.703125 0.5247395833333334
0 0.7392578125 0.4609375 0.736328125 0.46484375 0.734375 0.47265625 0.7373046875 0.4765625 0.7392578125 0.4765625 0.7412109375 0.4791666666666667 0.7431640625 0.4791666666666667 0.7451171875 0.4817708333333333 0.7470703125 0.4817708333333333 0.7490234375 0.484375 0.7509765625 0.484375 0.7607421875 0.4921875 0.7646484375 0.4921875 0.765625 0.4908854166666667 0.76953125 0.4856770833333333 0.76953125 0.48046875 0.7685546875 0.4791666666666667 0.7666015625 0.4791666666666667 0.7646484375 0.4765625 0.7626953125 0.4765625 0.7607421875 0.4739583333333333 0.7587890625 0.4739583333333333 0.7568359375 0.4713541666666667 0.7548828125 0.4713541666666667 0.7529296875 0.46875 0.7509765625 0.46875 0.7412109375 0.4609375 0.7392578125 0.4609375
0 0.7880859375 0.4427083333333333 0.783203125 0.4466145833333333 0.783203125 0.4544270833333333 0.7861328125 0.4583333333333333 0.7919921875 0.4583333333333333 0.79296875 0.45703125 0.7939453125 0.4557291666666667 0.7998046875 0.4557291666666667 0.8017578125 0.453125 0.8076171875 0.453125 0.8095703125 0.4505208333333333 0.8134765625 0.4505208333333333 0.81640625 0.4466145833333333 0.81640625 0.4388020833333333 0.8154296875 0.4375 0.8037109375 0.4375 0.8017578125 0.4401041666666667 0.7958984375 0.4401041666666667 0.7939453125 0.4427083333333333 0.7880859375 0.4427083333333333
0 0.8095703125 0.3697916666666667 0.810546875 0.3684895833333333 0.8125 0.3658854166666667 0.8125 0.35546875 0.810546875 0.3528645833333333 0.810546875 0.34765625 0.80859375 0.3450520833333333 0.80859375 0.33984375 0.8056640625 0.3359375 0.7998046875 0.3359375 0.798828125 0.3372395833333333 0.798828125 0.3528645833333333 0.80078125 0.35546875 0.80078125 0.36328125 0.8056640625 0.3697916666666667 0.8095703125 0.3697916666666667
0 0.890625 0.55859375 0.892578125 0.56640625 0.8984375 0.57421875 0.900390625 0.58203125 0.90625 0.58984375 0.90625 0.5924479166666666 0.9111328125 0.5989583333333334 0.9140625 0.59765625 0.9169921875 0.5963541666666666 0.919921875 0.5924479166666666 0.919921875 0.5846354166666666 0.916015625 0.5794270833333334 0.916015625 0.5768229166666666 0.912109375 0.5716145833333334 0.912109375 0.5690104166666666 0.908203125 0.5638020833333334 0.908203125 0.5611979166666666 0.904296875 0.5559895833333334 0.904296875 0.5533854166666666 0.9033203125 0.5520833333333334 0.8955078125 0.5520833333333334 0.890625 0.55859375
0 0.86328125 0.5872395833333334 0.8642578125 0.5885416666666666 0.8662109375 0.5885416666666666 0.8759765625 0.5963541666666666 0.8798828125 0.5963541666666666 0.8818359375 0.5989583333333334 0.8837890625 0.5989583333333334 0.8935546875 0.6067708333333334 0.8974609375 0.6067708333333334 0.8994140625 0.609375 0.900390625 0.6080729166666666 0.90625 0.6002604166666666 0.90625 0.5950520833333334 0.9033203125 0.5911458333333334 0.8994140625 0.5911458333333334 0.8974609375 0.5885416666666666 0.8935546875 0.5885416666666666 0.8916015625 0.5859375 0.8896484375 0.5859375 0.8857421875 0.5807291666666666 0.8818359375 0.5807291666666666 0.8720703125 0.5729166666666666 0.8681640625 0.5729166666666666 0.86328125 0.5794270833333334 0.86328125 0.5872395833333334