0 0.3708343953125 0.7448180328125 0.36995054375 0.74150198125 0.3381314109375 0.7324381125 0.3242105359375 0.731995965625 0.32133798593749996 0.7353120140625 0.291728515625 0.8715092656250001 0.327083103125 0.8845524156250001 0.3419143 0.8804753875 0.3401201109375 0.8758113984375001 0.3410039609375 0.8716110703125001 0.3443184546875 0.8709478531249999 0.3708343953125 0.7448180328125
0 0.41900706093749995 0.6624668015624999 0.4112732453125 0.66379321875 0.409505509375 0.6606982375 0.40751679375 0.6604771703125001 0.3639864640625 0.7937824828125 0.3664170890625 0.796903946875 0.4002249375 0.8114945734375001 0.41401648281250003 0.8089257125 0.4525939125 0.68612130625 0.45414066875000003 0.6761731484375 0.4285085796875 0.6655617828125 0.41900706093749995 0.6624668015624999
4 0.4170547625 0.6267652499999999 0.4030310375 0.6375886421875 0.40997611562499997 0.6628432281250001 0.41104459374999996 0.6640458234375 0.41991446874999994 0.662263490625 0.43147916875 0.661874025 0.4471056015625 0.65051614375 0.4382561625 0.625268475 0.4170547625 0.6267652499999999
3 0.403425509375 0.6708838578125 0.39821670625 0.6584569984375 0.384727209375 0.6589914890624999 0.3262282390625 0.6918625359374999 0.3248926453125 0.6938668671875 0.3334404421875 0.7184533375 0.348281409375 0.7168649125 0.3960797484375 0.689858203125 0.397281775 0.6879874906250001 0.403425509375 0.6708838578125
0 0.299148203125 0.622151434375 0.2941228703125 0.6213405171875 0.291367040625 0.6224758031250001 0.2513265703125 0.7468053609374999 0.25116446406250004 0.748427196875 0.2837480078125 0.760915325 0.2993346953125 0.7598414921875001 0.3390265578125 0.6356126625 0.3378918125 0.633666465625 0.299148203125 0.622151434375
0 0.3402300484375 0.5608158328124999 0.325854865625 0.5467607421875 0.307232459375 0.5371727765625 0.30505440156249997 0.537717546875 0.2301291875 0.61722359375 0.21987461718749998 0.6301069609375001 0.2313200234375 0.64591229375 0.25603942812499997 0.6518113390625 0.3198652046875 0.5851871140625 0.33979442656250003 0.5628859640625 0.3402300484375 0.5608158328124999
3 0.424486846875 0.5049602671875 0.426998353125 0.5031865953125 0.42670288593750005 0.5006739078125 0.4286234578125 0.498900246875 0.4302485390625 0.49668316562500003 0.43453289218749996 0.49313583281250006 0.4360102515625 0.4926924125 0.4364534640625 0.48988410781249997 0.439851371875 0.48352847499999996 0.44044232812499995 0.48131139375 0.4423629 0.48027676093749994 0.4436925140625 0.4761382046875 0.45167024375000003 0.46135766250000004 0.4503406296875 0.45914058124999996 0.4507838421875 0.4572191109375 0.45285213437499994 0.45514983906250006 0.4534430921875 0.45160250625 0.45625006562500003 0.44923762187499994 0.4445789390625 0.4411083234375 0.424930059375 0.43386585625 0.392575896875 0.49915403437499994 0.4123725078125 0.5072833328125 0.4240670984375 0.5118421140625 0.42552099375 0.5104290625 0.4241913796875 0.5090988125 0.424486846875 0.5049602671875
1 0.391369046875 0.4384920640625 0.391369046875 0.44122023749999995 0.403769840625 0.450148809375 0.41493055625 0.453125 0.42410714218749995 0.43526785781250005 0.42609127031250005 0.434771825 0.43377976250000005 0.43675595312500004 0.434771825 0.43551587343750003 0.435019840625 0.4310515875 0.4228670640625 0.421875 0.4012896828125 0.41617063437499996 0.39955357187499996 0.41765872968749995 0.39508928593750003 0.428075396875 0.391369046875 0.4384920640625
0 0.20560515937499999 0.3645833328125 0.20585317500000003 0.3668154765625 0.218501984375 0.38392857187499996 0.218998015625 0.3859126984375 0.22197420625 0.388144840625 0.2380952375 0.409226190625 0.2388392859375 0.4126984125 0.2423115078125 0.4144345234375 0.25595238125 0.4327876984375 0.2581845234375 0.434771825 0.2740575390625 0.4360119046875 0.27777777812500004 0.4322916671875 0.28472222187499996 0.42113095312500004 0.2896825390625 0.40947420625 0.2891865078125 0.4050099203125 0.24280753906250002 0.3484623015625 0.234375 0.341021825 0.22147817500000003 0.3385416671875 0.2177579359375 0.3400297625 0.2070932546875 0.3611111109375 0.20560515937499999 0.3645833328125
2 0.35838293593750004 0.318204365625 0.36284722187499996 0.32911706406249996 0.365575396875 0.3345734125 0.36830357187499996 0.337549603125 0.374751984375 0.341269840625 0.3772321421875 0.341269840625 0.4203869046875 0.31572420625 0.44444444375 0.299851190625 0.444196428125 0.29588293593750004 0.435019840625 0.278521825 0.42881944375 0.2730654765625 0.424603175 0.27256944375000003 0.3700396828125 0.3060515875 0.358630953125 0.3162202375 0.35838293593750004 0.318204365625
3 0.4794146828125 0.361855159375 0.481398809375 0.3643353171875 0.49156746093750003 0.3697916671875 0.4987599203125 0.3665674609375 0.5141369046875 0.36259920625 0.512648809375 0.33258928593750003 0.5106646828125 0.321924603125 0.5091765875 0.318700396875 0.5049603171875 0.3142361109375 0.500744046875 0.31150793593750004 0.49677579375 0.3107638890625 0.48090277812500004 0.3172123015625 0.4766865078125 0.3199404765625 0.4794146828125 0.361855159375
4 0.1768353171875 0.2986111109375 0.18849206406250002 0.3043154765625 0.190476190625 0.3043154765625 0.1994047625 0.2914186515625 0.19990079375 0.28794642812500004 0.18501984062500001 0.2762896828125 0.1738591265625 0.27256944375000003 0.17088293593749998 0.2765376984375 0.16468253906250002 0.2896825390625 0.1768353171875 0.2986111109375
0 0.5285755421875 0.0947663265625 0.52642148125 0.09594181562500001 0.4298809640625 0.158438628125 0.4289018515625 0.1637283109375 0.43046843749999997 0.17136898125 0.43418905468749996 0.17803009218750002 0.451027459375 0.19806897968749998 0.548745271875 0.1363203421875 0.5491369109375001 0.1322061328125 0.5418914828125 0.11553328437499999 0.5285755421875 0.0947663265625
0 0 0.424779040625 0.0076884921875 0.4144345234375 0.0111607140625 0.4126984125 0.0119047625 0.409226190625 0.02802579375 0.388144840625 0.031001984375000003 0.3859126984375 0.031498015625 0.38392857187499996 0.044146825 0.3668154765625 0.044394840625 0.3645833328125 0.0429067453125 0.3611111109375 0.0322420640625 0.3400297625 0.028521825 0.3385416671875 0.015625 0.341021825 0.007192460937500001 0.3484623015625 0 0.35723171875 0 0.424779040625
4 0.0761408734375 0.27256944375000003 0.064980159375 0.2762896828125 0.05009920624999999 0.28794642812500004 0.0505952375 0.2914186515625 0.059523809375 0.3043154765625 0.0615079359375 0.3043154765625 0.0731646828125 0.2986111109375 0.0853174609375 0.2896825390625 0.07911706406249999 0.2765376984375 0.0761408734375 0.27256944375000003