3 0.8909743750000001 0.1639822296875 0.8679045999999999 0.17007899531249998 0.86659875 0.1975144453125 0.90455010625 0.21598831718749997 0.9305846796875 0.2075305671875 0.9314552234375 0.18357898125 0.8909743750000001 0.1639822296875
2 0.579750196875 0.279385315625 0.5653859921875 0.29201433906249996 0.568868234375 0.3137885421875 0.6476931359375 0.3172073765625 0.661582571875 0.30464336406250003 0.6567944828125001 0.2811272546875 0.579750196875 0.279385315625
0 0.6911814921875 0.236272471875 0.6554886671875 0.251949865625 0.65810033125 0.27503048125 0.7173492640625 0.31285386875 0.7586496640625 0.29636920624999996 0.7560379984375001 0.2724175875 0.6911814921875 0.236272471875
0 0.386182278125 0.7886170734375 0.40527826874999995 0.8200038015625 0.4426907640625 0.8388303546874999 0.4727961703125 0.7981695609374999 0.45847420312500003 0.7654182125 0.42369221718750005 0.7429016359375 0.386182278125 0.7886170734375
0 0.3800443296875 0.601661459375 0.36299435625 0.580509515625 0.310480409375 0.59279128125 0.2784264828125 0.7463132359375 0.2995684375 0.77019443125 0.3574267453125 0.7535663375 0.376634334375 0.6569293453125 0.3664043515625 0.633730471875 0.3800443296875 0.601661459375
3 0.42301022968749996 0.5777802640624999 0.3855002890625 0.5811918640625 0.364358334375 0.632365853125 0.38044803125 0.6631864796875 0.41823625781249996 0.6576116546875 0.42369221718750005 0.6439652703125 0.4271022125 0.5880150625 0.42301022968749996 0.5777802640624999
0 0.4271022125 0.5791448828125 0.42437425781250004 0.74426628125 0.45438216875000004 0.7592773234375 0.510306109375 0.746995571875 0.49530210312499995 0.5846034625 0.48302615312499997 0.5661807953125 0.4271022125 0.5791448828125
4 0.315769990625 0.517606025 0.30252873125 0.5418931 0.3154547265625 0.569018940625 0.3189226734375 0.5702806 0.3512671984375 0.5653452890625 0.362429709375 0.5415776875 0.3488731625 0.5172906015625001 0.347927371875 0.5157135187499999 0.315769990625 0.517606025
0 0.362351190625 0.5364583328125 0.3616071421875 0.53720238125 0.362351190625 0.5414186515625 0.3616071421875 0.5451388890625 0.35590277812500004 0.5575396828125 0.3511904765625 0.565476190625 0.346726190625 0.5679563484375 0.3209325390625 0.5701884921875 0.3179563484375 0.5694444437499999 0.315476190625 0.5674603171875 0.3087797625 0.556299603125 0.30555555624999997 0.55282738125 0.3015873015625 0.5540674609375 0.2926587296875 0.5543154765625 0.2824900796875 0.5575396828125 0.278273809375 0.559771825 0.2733134921875 0.5664682546875001 0.2708333328125 0.5741567453124999 0.2693452375 0.58407738125 0.2705853171875 0.590277778125 0.2921626984375 0.62177579375 0.2981150796875 0.624751984375 0.3018353171875 0.625 0.3048115078125 0.622519840625 0.3082837296875 0.6071428578125 0.311755953125 0.5979662703125 0.315476190625 0.594494046875 0.31919642812500004 0.593005953125 0.3489583328125 0.5848214281249999 0.3635912703125 0.5825892859375 0.365575396875 0.5833333328125 0.3697916671875 0.588045634375 0.375744046875 0.6001984125 0.3769841265625 0.6004464281249999 0.3802083328125 0.5979662703125 0.3864087296875 0.5853174609375 0.39112103125000003 0.58134920625 0.41964285781250005 0.577380953125 0.421626984375 0.578125 0.42410714218749995 0.5853174609375 0.42509920625 0.5855654765625 0.4265873015625 0.5830853171875 0.4320436515625 0.5798611109375 0.4578373015625 0.5729166671875 0.46180555625 0.5701884921875 0.45882936562500004 0.5533234125 0.4439484125 0.5178571421875 0.44097222187499996 0.516369046875 0.43799603125 0.516369046875 0.424851190625 0.518601190625 0.3923611109375 0.5267857140625 0.362351190625 0.5364583328125
3 0.90455010625 0.0340116828125 0.86659875 0.052485554687500005 0.8679045999999999 0.07992100468749999 0.8909743750000001 0.08601777031249999 0.9314552234375 0.06642101875 0.9305846796875 0.0424694328125 0.90455010625 0.0340116828125
0 0.43465725937500005 1 0.45847420312500003 0.9845817875 0.4727961703125 0.9518304390625 0.4426907640625 0.9111696453125001 0.40527826874999995 0.9299961984375 0.386182278125 0.9613829265625 0.41786794374999997 1 0.43465725937500005 1