0 0.046875 0.64453125 0.046875 0.65234375 0.0478515625 0.6536458333333334 0.0732421875 0.6536458333333334 0.0751953125 0.6510416666666666 0.0830078125 0.6510416666666666 0.0859375 0.6471354166666666 0.0859375 0.6393229166666666 0.083984375 0.63671875 0.0830078125 0.6354166666666666 0.0712890625 0.6354166666666666 0.0693359375 0.6380208333333334 0.0537109375 0.6380208333333334 0.046875 0.64453125
0 0.162109375 0.6393229166666666 0.162109375 0.6419270833333334 0.1669921875 0.6484375 0.1748046875 0.6484375 0.177734375 0.64453125 0.177734375 0.63671875 0.173828125 0.6315104166666666 0.173828125 0.62890625 0.169921875 0.6236979166666666 0.169921875 0.62109375 0.1640625 0.61328125 0.1630859375 0.6119791666666666 0.1572265625 0.6119791666666666 0.154296875 0.6158854166666666 0.154296875 0.6263020833333334 0.162109375 0.6393229166666666
0 0.0634765625 0.4895833333333333 0.0673828125 0.4947916666666667 0.0693359375 0.4947916666666667 0.0751953125 0.5026041666666666 0.0771484375 0.5026041666666666 0.0830078125 0.5104166666666666 0.0849609375 0.5104166666666666 0.0888671875 0.515625 0.0908203125 0.515625 0.0927734375 0.5182291666666666 0.0986328125 0.5182291666666666 0.1015625 0.5143229166666666 0.103515625 0.5065104166666666 0.0966796875 0.4973958333333333 0.0947265625 0.4973958333333333 0.0888671875 0.4895833333333333 0.0869140625 0.4895833333333333 0.0810546875 0.4817708333333333 0.0791015625 0.4817708333333333 0.0751953125 0.4765625 0.072265625 0.4752604166666667 0.0712890625 0.4739583333333333 0.0634765625 0.4739583333333333 0.060546875 0.48046875 0.060546875 0.48828125 0.0634765625 0.4895833333333333
0 0.1435546875 0.3958333333333333 0.1416015625 0.3984375 0.1376953125 0.3984375 0.1357421875 0.4010416666666667 0.1318359375 0.4010416666666667 0.1298828125 0.4036458333333333 0.1259765625 0.4036458333333333 0.1240234375 0.40625 0.1201171875 0.40625 0.115234375 0.4153645833333333 0.115234375 0.4205729166666667 0.1201171875 0.4270833333333333 0.1259765625 0.4270833333333333 0.1279296875 0.4244791666666667 0.1337890625 0.4244791666666667 0.1357421875 0.421875 0.1396484375 0.421875 0.1416015625 0.4192708333333333 0.1474609375 0.4192708333333333 0.1533203125 0.4140625 0.1591796875 0.4140625 0.1640625 0.4075520833333333 0.1640625 0.3997395833333333 0.158203125 0.3919270833333333 0.1552734375 0.390625 0.1533203125 0.3932291666666667 0.1494140625 0.3932291666666667 0.1474609375 0.3958333333333333 0.1435546875 0.3958333333333333
0 0.291015625 0.4309895833333333 0.291015625 0.4388020833333333 0.29296875 0.44140625 0.29296875 0.44921875 0.294921875 0.4518229166666667 0.294921875 0.45703125 0.2978515625 0.4609375 0.3037109375 0.4609375 0.306640625 0.45703125 0.306640625 0.4388020833333333 0.3046875 0.4361979166666667 0.3046875 0.4231770833333333 0.302734375 0.4205729166666667 0.302734375 0.4075520833333333 0.3017578125 0.40625 0.2919921875 0.40625 0.2890625 0.4127604166666667 0.2890625 0.4283854166666667 0.291015625 0.4309895833333333
0 0.3232421875 0.5130208333333334 0.3251953125 0.515625 0.3369140625 0.515625 0.3388671875 0.5182291666666666 0.3525390625 0.5182291666666666 0.353515625 0.5169270833333334 0.353515625 0.50390625 0.3505859375 0.5 0.3408203125 0.5 0.3388671875 0.4973958333333333 0.3271484375 0.4973958333333333 0.3251953125 0.4947916666666667 0.3154296875 0.4947916666666667 0.314453125 0.4934895833333333 0.3115234375 0.4921875 0.30859375 0.4986979166666667 0.30859375 0.5091145833333334 0.3115234375 0.5130208333333334 0.3232421875 0.5130208333333334
0 0.3486328125 0.5416666666666666 0.3447265625 0.5416666666666666 0.3427734375 0.5442708333333334 0.3388671875 0.5442708333333334 0.3369140625 0.546875 0.3330078125 0.546875 0.3310546875 0.5494791666666666 0.3271484375 0.5494791666666666 0.326171875 0.55078125 0.326171875 0.5638020833333334 0.3310546875 0.5677083333333334 0.3330078125 0.5677083333333334 0.3349609375 0.5651041666666666 0.3388671875 0.5651041666666666 0.3408203125 0.5625 0.3447265625 0.5625 0.3466796875 0.5598958333333334 0.3505859375 0.5598958333333334 0.3525390625 0.5572916666666666 0.3564453125 0.5572916666666666 0.3583984375 0.5546875 0.3623046875 0.5546875 0.365234375 0.55078125 0.365234375 0.5403645833333334 0.361328125 0.5377604166666666 0.3603515625 0.5364583333333334 0.3564453125 0.5364583333333334 0.3544921875 0.5390625 0.3505859375 0.5390625 0.3486328125 0.5416666666666666
0 0.2958984375 0.625 0.3115234375 0.625 0.3134765625 0.6276041666666666 0.3291015625 0.6276041666666666 0.330078125 0.6263020833333334 0.330078125 0.61328125 0.3291015625 0.6119791666666666 0.3154296875 0.6119791666666666 0.3134765625 0.609375 0.2998046875 0.609375 0.298828125 0.6080729166666666 0.2978515625 0.6067708333333334 0.2939453125 0.6067708333333334 0.291015625 0.6106770833333334 0.291015625 0.62109375 0.2958984375 0.625
0 0.408203125 0.6653645833333334 0.408203125 0.67578125 0.4091796875 0.6770833333333334 0.4169921875 0.6770833333333334 0.431640625 0.6575520833333334 0.431640625 0.6497395833333334 0.4296875 0.6471354166666666 0.4287109375 0.6458333333333334 0.4248046875 0.6458333333333334 0.4169921875 0.65625 0.4150390625 0.65625 0.408203125 0.6653645833333334
0 0.431640625 0.58203125 0.427734375 0.5872395833333334 0.427734375 0.59765625 0.4306640625 0.6015625 0.4365234375 0.6015625 0.443359375 0.5924479166666666 0.443359375 0.58984375 0.447265625 0.5846354166666666 0.447265625 0.58203125 0.451171875 0.5768229166666666 0.451171875 0.56640625 0.4453125 0.5638020833333334 0.4443359375 0.5625 0.439453125 0.56640625 0.439453125 0.5690104166666666 0.431640625 0.5794270833333334 0.431640625 0.58203125
0 0.5888671875 0.5625 0.6279296875 0.5625 0.630859375 0.55859375 0.630859375 0.5481770833333334 0.62890625 0.5455729166666666 0.6279296875 0.5442708333333334 0.5908203125 0.5442708333333334 0.587890625 0.5481770833333334 0.587890625 0.5611979166666666 0.5888671875 0.5625
0 0.5810546875 0.6145833333333334 0.5908203125 0.6145833333333334 0.5927734375 0.6171875 0.6064453125 0.6171875 0.6083984375 0.6197916666666666 0.6142578125 0.6197916666666666 0.6171875 0.6158854166666666 0.6171875 0.60546875 0.6142578125 0.6015625 0.6025390625 0.6015625 0.6005859375 0.5989583333333334 0.5888671875 0.5989583333333334 0.587890625 0.59765625 0.5869140625 0.5963541666666666 0.5830078125 0.5963541666666666 0.578125 0.6028645833333334 0.578125 0.6080729166666666 0.5810546875 0.6145833333333334
0 0.62109375 0.6966145833333334 0.619140625 0.69921875 0.619140625 0.7044270833333334 0.6220703125 0.7083333333333334 0.6279296875 0.7083333333333334 0.63671875 0.6966145833333334 0.63671875 0.6940104166666666 0.640625 0.6888020833333334 0.640625 0.6809895833333334 0.63671875 0.6783854166666666 0.6357421875 0.6770833333333334 0.6337890625 0.6796875 0.6318359375 0.6796875 0.62109375 0.6940104166666666 0.62109375 0.6966145833333334
0 0.798828125 0.7122395833333334 0.798828125 0.7174479166666666 0.8017578125 0.7239583333333334 0.8076171875 0.7239583333333334 0.8125 0.7174479166666666 0.8125 0.71484375 0.81640625 0.7096354166666666 0.81640625 0.70703125 0.818359375 0.7044270833333334 0.818359375 0.69921875 0.81640625 0.6966145833333334 0.8154296875 0.6953125 0.8076171875 0.6953125 0.806640625 0.6966145833333334 0.8046875 0.7044270833333334 0.798828125 0.7122395833333334
0 0.7998046875 0.6328125 0.8017578125 0.6328125 0.8037109375 0.6354166666666666 0.8076171875 0.6354166666666666 0.8095703125 0.6380208333333334 0.8154296875 0.6380208333333334 0.8173828125 0.640625 0.8232421875 0.640625 0.8251953125 0.6432291666666666 0.8291015625 0.6432291666666666 0.833984375 0.63671875 0.833984375 0.6315104166666666 0.8271484375 0.625 0.8212890625 0.625 0.8193359375 0.6223958333333334 0.8115234375 0.6223958333333334 0.810546875 0.62109375 0.8095703125 0.6197916666666666 0.7998046875 0.6197916666666666 0.796875 0.6236979166666666 0.796875 0.6263020833333334 0.7998046875 0.6328125
0 0.7705078125 0.59375 0.7666015625 0.59375 0.7646484375 0.5963541666666666 0.7607421875 0.5963541666666666 0.7587890625 0.5989583333333334 0.7548828125 0.5989583333333334 0.7529296875 0.6015625 0.7490234375 0.6015625 0.74609375 0.60546875 0.74609375 0.6080729166666666 0.7509765625 0.6171875 0.7587890625 0.6171875 0.7646484375 0.6119791666666666 0.7685546875 0.6119791666666666 0.7705078125 0.609375 0.7744140625 0.609375 0.7763671875 0.6067708333333334 0.7802734375 0.6067708333333334 0.7822265625 0.6041666666666666 0.7841796875 0.6041666666666666 0.787109375 0.6002604166666666 0.787109375 0.5950520833333334 0.78515625 0.5924479166666666 0.78515625 0.58984375 0.7841796875 0.5885416666666666 0.7783203125 0.5885416666666666 0.7763671875 0.5911458333333334 0.7724609375 0.5911458333333334 0.7705078125 0.59375
0 0.71484375 0.5638020833333334 0.71484375 0.56640625 0.712890625 0.5690104166666666 0.712890625 0.58203125 0.7138671875 0.5833333333333334 0.7216796875 0.5833333333333334 0.728515625 0.5716145833333334 0.728515625 0.5690104166666666 0.734375 0.5611979166666666 0.734375 0.55859375 0.736328125 0.5559895833333334 0.736328125 0.5455729166666666 0.734375 0.54296875 0.7333984375 0.5416666666666666 0.7275390625 0.5416666666666666 0.720703125 0.55078125 0.71875 0.55859375 0.71484375 0.5638020833333334
0 0.9345703125 0.4973958333333333 0.9306640625 0.4973958333333333 0.9287109375 0.5 0.9248046875 0.5 0.9228515625 0.5026041666666666 0.9189453125 0.5026041666666666 0.9169921875 0.5052083333333334 0.9130859375 0.5052083333333334 0.9111328125 0.5078125 0.9052734375 0.5078125 0.904296875 0.5091145833333334 0.904296875 0.5143229166666666 0.90625 0.5169270833333334 0.90625 0.51953125 0.9111328125 0.5260416666666666 0.9130859375 0.5260416666666666 0.9150390625 0.5234375 0.9189453125 0.5234375 0.9208984375 0.5208333333333334 0.9248046875 0.5208333333333334 0.9267578125 0.5182291666666666 0.9326171875 0.5182291666666666 0.9345703125 0.515625 0.9384765625 0.515625 0.9404296875 0.5130208333333334 0.9482421875 0.5130208333333334 0.9521484375 0.5078125 0.955078125 0.5065104166666666 0.955078125 0.5013020833333334 0.951171875 0.49609375 0.951171875 0.4934895833333333 0.9501953125 0.4921875 0.9423828125 0.4921875 0.9404296875 0.4947916666666667 0.9365234375 0.4947916666666667 0.9345703125 0.4973958333333333
0 0.9365234375 0.5286458333333334 0.9345703125 0.5286458333333334 0.931640625 0.5325520833333334 0.931640625 0.5403645833333334 0.9345703125 0.5442708333333334 0.9404296875 0.546875 0.9423828125 0.5442708333333334 0.9443359375 0.5442708333333334 0.9482421875 0.5390625 0.9501953125 0.5390625 0.970703125 0.51171875 0.966796875 0.5065104166666666 0.966796875 0.50390625 0.9658203125 0.5026041666666666 0.9580078125 0.5026041666666666 0.9521484375 0.5104166666666666 0.9501953125 0.5104166666666666 0.9365234375 0.5286458333333334