0 0.8502604166666666 0.498046875 0.8580729166666666 0.498046875 0.8606770833333334 0.49609375 0.8658854166666666 0.49609375 0.8684895833333334 0.494140625 0.8763020833333334 0.494140625 0.87890625 0.4921875 0.88671875 0.4921875 0.8932291666666666 0.4873046875 0.890625 0.4853515625 0.890625 0.4814453125 0.88671875 0.478515625 0.87890625 0.478515625 0.8776041666666666 0.4794921875 0.8763020833333334 0.48046875 0.87109375 0.48046875 0.8684895833333334 0.482421875 0.86328125 0.482421875 0.8606770833333334 0.484375 0.8528645833333334 0.484375 0.8502604166666666 0.486328125 0.8424479166666666 0.486328125 0.8333333333333334 0.4912109375 0.8359375 0.4931640625 0.8359375 0.4951171875 0.83984375 0.5 0.84765625 0.5 0.8502604166666666 0.498046875
0 0.89453125 0.462890625 0.88671875 0.462890625 0.8841145833333334 0.4609375 0.8763020833333334 0.4609375 0.8736979166666666 0.458984375 0.8658854166666666 0.458984375 0.86328125 0.45703125 0.8528645833333334 0.45703125 0.8515625 0.4580078125 0.8463541666666666 0.4619140625 0.8489583333333334 0.4638671875 0.8489583333333334 0.4677734375 0.85546875 0.470703125 0.8606770833333334 0.470703125 0.86328125 0.47265625 0.87109375 0.47265625 0.8736979166666666 0.474609375 0.87890625 0.474609375 0.8815104166666666 0.4765625 0.8971354166666666 0.4765625 0.9036458333333334 0.4736328125 0.9036458333333334 0.4677734375 0.89453125 0.462890625
0 0.5299479166666666 0.39453125 0.5325520833333334 0.39453125 0.5455729166666666 0.400390625 0.5481770833333334 0.400390625 0.5546875 0.3955078125 0.5572916666666666 0.3896484375 0.55078125 0.384765625 0.5481770833333334 0.384765625 0.5455729166666666 0.3828125 0.54296875 0.3828125 0.5403645833333334 0.380859375 0.5325520833333334 0.37890625 0.52734375 0.375 0.5247395833333334 0.375 0.5221354166666666 0.373046875 0.51953125 0.373046875 0.5065104166666666 0.3671875 0.5052083333333334 0.3681640625 0.5013020833333334 0.369140625 0.4973958333333333 0.3720703125 0.4973958333333333 0.3798828125 0.50390625 0.384765625 0.5065104166666666 0.384765625 0.5091145833333334 0.38671875 0.51171875 0.38671875 0.5143229166666666 0.388671875 0.5169270833333334 0.388671875 0.51953125 0.390625 0.5221354166666666 0.390625 0.5247395833333334 0.392578125 0.52734375 0.392578125 0.5299479166666666 0.39453125
0 0.6614583333333334 0.4677734375 0.6692708333333334 0.4580078125 0.6692708333333334 0.4541015625 0.671875 0.4521484375 0.66796875 0.447265625 0.6627604166666666 0.447265625 0.66015625 0.4453125 0.65625 0.4462890625 0.6484375 0.4560546875 0.6484375 0.4599609375 0.6458333333333334 0.4619140625 0.6432291666666666 0.4677734375 0.6380208333333334 0.4716796875 0.6380208333333334 0.4755859375 0.6419270833333334 0.48046875 0.65234375 0.48046875 0.6536458333333334 0.4794921875 0.6536458333333334 0.4775390625 0.65625 0.4755859375 0.65625 0.4736328125 0.6614583333333334 0.4697265625 0.6614583333333334 0.4677734375
0 0.6263020833333334 0.5234375 0.62890625 0.521484375 0.6341145833333334 0.521484375 0.63671875 0.51953125 0.64453125 0.51953125 0.6471354166666666 0.517578125 0.6575520833333334 0.517578125 0.66015625 0.515625 0.6653645833333334 0.515625 0.6692708333333334 0.5126953125 0.6692708333333334 0.5087890625 0.6653645833333334 0.50390625 0.65234375 0.50390625 0.6510416666666666 0.5048828125 0.6497395833333334 0.505859375 0.6419270833333334 0.505859375 0.6393229166666666 0.5078125 0.6315104166666666 0.5078125 0.62890625 0.509765625 0.62109375 0.509765625 0.6184895833333334 0.51171875 0.6158854166666666 0.51171875 0.6145833333333334 0.5126953125 0.6145833333333334 0.5166015625 0.6171875 0.5185546875 0.6171875 0.5205078125 0.62109375 0.5234375 0.6263020833333334 0.5234375
0 0.6549479166666666 0.552734375 0.65234375 0.55078125 0.6471354166666666 0.55078125 0.64453125 0.548828125 0.63671875 0.548828125 0.6341145833333334 0.546875 0.62890625 0.546875 0.6276041666666666 0.5478515625 0.625 0.5498046875 0.625 0.5556640625 0.6341145833333334 0.560546875 0.6419270833333334 0.560546875 0.6497395833333334 0.564453125 0.66015625 0.564453125 0.6627604166666666 0.56640625 0.66796875 0.56640625 0.671875 0.5634765625 0.671875 0.5556640625 0.6705729166666666 0.5546875 0.6653645833333334 0.5546875 0.6627604166666666 0.552734375 0.6549479166666666 0.552734375
0 0.5638020833333334 0.6171875 0.57421875 0.6171875 0.58203125 0.611328125 0.5846354166666666 0.611328125 0.5963541666666666 0.6044921875 0.5963541666666666 0.5986328125 0.5924479166666666 0.595703125 0.5846354166666666 0.595703125 0.5833333333333334 0.5966796875 0.5598958333333334 0.6103515625 0.5598958333333334 0.6142578125 0.5638020833333334 0.6171875
0 0.51953125 0.580078125 0.5169270833333334 0.578125 0.51171875 0.578125 0.5104166666666666 0.5791015625 0.5078125 0.5810546875 0.5078125 0.5830078125 0.5052083333333334 0.5849609375 0.5026041666666666 0.5908203125 0.4973958333333333 0.5947265625 0.4973958333333333 0.6005859375 0.5013020833333334 0.603515625 0.5091145833333334 0.603515625 0.5130208333333334 0.5986328125 0.5130208333333334 0.5966796875 0.5234375 0.5869140625 0.5234375 0.5810546875 0.5221354166666666 0.580078125 0.51953125 0.580078125
0 0.3997395833333333 0.525390625 0.3971354166666667 0.5234375 0.3841145833333333 0.5234375 0.3815104166666667 0.521484375 0.3776041666666667 0.5224609375 0.375 0.5244140625 0.375 0.5322265625 0.3815104166666667 0.53515625 0.3919270833333333 0.53515625 0.39453125 0.537109375 0.4075520833333333 0.537109375 0.41015625 0.5390625 0.4231770833333333 0.5390625 0.4270833333333333 0.5341796875 0.4270833333333333 0.5302734375 0.4231770833333333 0.52734375 0.4153645833333333 0.52734375 0.4127604166666667 0.525390625 0.3997395833333333 0.525390625
0 0.30859375 0.640625 0.3072916666666667 0.6416015625 0.3072916666666667 0.6494140625 0.30859375 0.650390625 0.34765625 0.650390625 0.3515625 0.6474609375 0.3515625 0.6416015625 0.3502604166666667 0.640625 0.3450520833333333 0.640625 0.3424479166666667 0.638671875 0.3385416666666667 0.6396484375 0.3372395833333333 0.640625 0.30859375 0.640625
0 0.43359375 0.6640625 0.46484375 0.6640625 0.46875 0.6611328125 0.46875 0.6552734375 0.4674479166666667 0.654296875 0.4518229166666667 0.654296875 0.44921875 0.65234375 0.4309895833333333 0.65234375 0.4296875 0.6533203125 0.4270833333333333 0.6552734375 0.4270833333333333 0.6611328125 0.43359375 0.6640625
0 0.3463541666666667 0.6826171875 0.3424479166666667 0.68359375 0.3359375 0.6904296875 0.3359375 0.6943359375 0.3333333333333333 0.6962890625 0.3333333333333333 0.6982421875 0.3372395833333333 0.701171875 0.3450520833333333 0.701171875 0.3463541666666667 0.6982421875 0.3515625 0.6943359375 0.3515625 0.6923828125 0.3541666666666667 0.6904296875 0.3541666666666667 0.6845703125 0.34765625 0.681640625 0.3463541666666667 0.6826171875
0 0.4401041666666667 0.6865234375 0.4205729166666667 0.69140625 0.4192708333333333 0.6923828125 0.4192708333333333 0.6962890625 0.4231770833333333 0.69921875 0.43359375 0.69921875 0.4361979166666667 0.697265625 0.44140625 0.697265625 0.4440104166666667 0.6953125 0.44921875 0.6953125 0.4557291666666667 0.6923828125 0.4557291666666667 0.6865234375 0.4544270833333333 0.685546875 0.44140625 0.685546875 0.4401041666666667 0.6865234375
0 0.4765625 0.6943359375 0.46875 0.7001953125 0.46875 0.7021484375 0.4661458333333333 0.7041015625 0.46875 0.7060546875 0.46875 0.7099609375 0.4700520833333333 0.7109375 0.4752604166666667 0.7109375 0.484375 0.7041015625 0.484375 0.7021484375 0.4869791666666667 0.7001953125 0.4869791666666667 0.6943359375 0.4856770833333333 0.693359375 0.4778645833333333 0.693359375 0.4765625 0.6943359375
0 0.51953125 0.7109375 0.5091145833333334 0.7109375 0.5078125 0.7119140625 0.5078125 0.7158203125 0.51171875 0.71875 0.5169270833333334 0.71875 0.51953125 0.720703125 0.52734375 0.720703125 0.5299479166666666 0.72265625 0.5403645833333334 0.72265625 0.5442708333333334 0.7197265625 0.5442708333333334 0.7177734375 0.5403645833333334 0.71484375 0.53515625 0.71484375 0.5325520833333334 0.712890625 0.5221354166666666 0.712890625 0.51953125 0.7109375
0 0.49609375 0.7421875 0.48828125 0.7421875 0.4869791666666667 0.7431640625 0.4856770833333333 0.744140625 0.4778645833333333 0.744140625 0.4752604166666667 0.74609375 0.4700520833333333 0.74609375 0.4661458333333333 0.7490234375 0.4661458333333333 0.7509765625 0.47265625 0.755859375 0.4752604166666667 0.75390625 0.4830729166666667 0.75390625 0.4856770833333333 0.751953125 0.4908854166666667 0.751953125 0.4973958333333333 0.7490234375 0.4973958333333333 0.7431640625 0.49609375 0.7421875
0 0.3802083333333333 0.7509765625 0.3776041666666667 0.7529296875 0.3815104166666667 0.7578125 0.3841145833333333 0.7578125 0.3971354166666667 0.763671875 0.40234375 0.763671875 0.4036458333333333 0.7626953125 0.4036458333333333 0.7568359375 0.40234375 0.755859375 0.3997395833333333 0.755859375 0.39453125 0.751953125 0.3893229166666667 0.751953125 0.38671875 0.75 0.3815104166666667 0.75 0.3802083333333333 0.7509765625
0 0.2669270833333333 0.724609375 0.25390625 0.724609375 0.2526041666666667 0.7255859375 0.2526041666666667 0.7314453125 0.2591145833333333 0.734375 0.2669270833333333 0.734375 0.26953125 0.736328125 0.27734375 0.736328125 0.2799479166666667 0.73828125 0.2825520833333333 0.73828125 0.2890625 0.7333984375 0.2890625 0.7314453125 0.28515625 0.728515625 0.2799479166666667 0.728515625 0.27734375 0.7265625 0.26953125 0.7265625 0.2669270833333333 0.724609375
0 0.20703125 0.76171875 0.20963541666666666 0.76171875 0.21223958333333334 0.759765625 0.22005208333333334 0.7578125 0.2265625 0.7529296875 0.2265625 0.7490234375 0.22526041666666666 0.748046875 0.21484375 0.748046875 0.21354166666666666 0.7490234375 0.203125 0.7548828125 0.203125 0.7587890625 0.20703125 0.76171875