0 0.69140625 0.31640625 0.69140625 0.3138020833333333 0.689453125 0.3111979166666667 0.689453125 0.27734375 0.6875 0.2747395833333333 0.6875 0.2513020833333333 0.685546875 0.24869791666666666 0.685546875 0.22265625 0.68359375 0.22005208333333334 0.68359375 0.19921875 0.6806640625 0.1953125 0.6728515625 0.1953125 0.6708984375 0.19791666666666666 0.6611328125 0.19791666666666666 0.658203125 0.20442708333333334 0.658203125 0.20703125 0.65625 0.20963541666666666 0.65625 0.22005208333333334 0.658203125 0.22265625 0.658203125 0.2565104166666667 0.66015625 0.2591145833333333 0.66015625 0.29296875 0.662109375 0.2955729166666667 0.662109375 0.3268229166666667 0.6640625 0.3294270833333333 0.6650390625 0.3307291666666667 0.6826171875 0.3307291666666667 0.689453125 0.32421875 0.689453125 0.3190104166666667 0.69140625 0.31640625
0 0.599609375 0.31640625 0.599609375 0.3111979166666667 0.59765625 0.30859375 0.59765625 0.29296875 0.599609375 0.2903645833333333 0.599609375 0.2877604166666667 0.59765625 0.28515625 0.59765625 0.21223958333333334 0.595703125 0.20963541666666666 0.595703125 0.19661458333333334 0.5947265625 0.1953125 0.5771484375 0.1953125 0.57421875 0.19921875 0.57421875 0.3294270833333333 0.5751953125 0.3307291666666667 0.5966796875 0.3307291666666667 0.59765625 0.3294270833333333 0.59765625 0.3190104166666667 0.599609375 0.31640625
0 0.525390625 0.3216145833333333 0.525390625 0.29296875 0.5234375 0.2903645833333333 0.5234375 0.2669270833333333 0.521484375 0.2643229166666667 0.521484375 0.24088541666666666 0.51953125 0.23828125 0.51953125 0.21223958333333334 0.517578125 0.20963541666666666 0.517578125 0.19140625 0.5166015625 0.19010416666666666 0.4970703125 0.19010416666666666 0.494140625 0.19401041666666666 0.494140625 0.20963541666666666 0.49609375 0.21223958333333334 0.49609375 0.24088541666666666 0.498046875 0.24348958333333334 0.498046875 0.26953125 0.5 0.2721354166666667 0.5 0.3033854166666667 0.501953125 0.3059895833333333 0.501953125 0.3216145833333333 0.50390625 0.32421875 0.5048828125 0.3255208333333333 0.5126953125 0.3255208333333333 0.5146484375 0.3229166666666667 0.5244140625 0.3229166666666667 0.525390625 0.3216145833333333
0 0.4296875 0.19921875 0.4296875 0.19401041666666666 0.4287109375 0.19270833333333334 0.4091796875 0.19270833333333334 0.408203125 0.19401041666666666 0.408203125 0.20442708333333334 0.40625 0.20703125 0.40625 0.3190104166666667 0.408203125 0.3216145833333333 0.408203125 0.3268229166666667 0.4091796875 0.328125 0.4287109375 0.328125 0.431640625 0.32421875 0.431640625 0.20182291666666666 0.4296875 0.19921875
0 0.359375 0.22265625 0.359375 0.21484375 0.357421875 0.21223958333333334 0.357421875 0.20442708333333334 0.3544921875 0.19791666666666666 0.3330078125 0.19791666666666666 0.33203125 0.19921875 0.33203125 0.24348958333333334 0.330078125 0.24609375 0.330078125 0.32421875 0.333984375 0.33203125 0.3349609375 0.3333333333333333 0.3544921875 0.3333333333333333 0.357421875 0.3294270833333333 0.357421875 0.22526041666666666 0.359375 0.22265625
0 0.271484375 0.4934895833333333 0.271484375 0.4700520833333333 0.2734375 0.4674479166666667 0.2734375 0.4388020833333333 0.275390625 0.4361979166666667 0.275390625 0.4075520833333333 0.271484375 0.40234375 0.2705078125 0.3984375 0.2470703125 0.3984375 0.24609375 0.3997395833333333 0.24609375 0.41015625 0.244140625 0.4127604166666667 0.244140625 0.4361979166666667 0.2421875 0.4388020833333333 0.2421875 0.4700520833333333 0.240234375 0.47265625 0.240234375 0.49609375 0.23828125 0.4986979166666667 0.23828125 0.5221354166666666 0.236328125 0.5247395833333334 0.236328125 0.5299479166666666 0.2392578125 0.5338541666666666 0.2431640625 0.5338541666666666 0.244140625 0.53515625 0.2451171875 0.5364583333333334 0.2666015625 0.5364583333333334 0.26953125 0.5299479166666666 0.26953125 0.49609375 0.271484375 0.4934895833333333
0 0.357421875 0.4309895833333333 0.357421875 0.3997395833333333 0.35546875 0.3971354166666667 0.35546875 0.39453125 0.3505859375 0.3880208333333333 0.3349609375 0.3880208333333333 0.330078125 0.3919270833333333 0.330078125 0.4127604166666667 0.328125 0.4153645833333333 0.328125 0.5091145833333334 0.326171875 0.51171875 0.326171875 0.5169270833333334 0.328125 0.51953125 0.328125 0.5221354166666666 0.33203125 0.52734375 0.3330078125 0.5286458333333334 0.3525390625 0.5286458333333334 0.35546875 0.5247395833333334 0.35546875 0.43359375 0.357421875 0.4309895833333333
0 0.43359375 0.40234375 0.43359375 0.39453125 0.4326171875 0.3932291666666667 0.4111328125 0.3932291666666667 0.41015625 0.39453125 0.41015625 0.5299479166666666 0.4140625 0.5325520833333334 0.4150390625 0.5338541666666666 0.4306640625 0.5338541666666666 0.435546875 0.5299479166666666 0.435546875 0.4049479166666667 0.43359375 0.40234375
0 0.51953125 0.4674479166666667 0.51953125 0.3919270833333333 0.5185546875 0.390625 0.5087890625 0.390625 0.5068359375 0.3880208333333333 0.4990234375 0.3880208333333333 0.49609375 0.3919270833333333 0.49609375 0.44140625 0.494140625 0.4440104166666667 0.494140625 0.52734375 0.4951171875 0.5286458333333334 0.5146484375 0.5286458333333334 0.517578125 0.5247395833333334 0.517578125 0.4700520833333333 0.51953125 0.4674479166666667
0 0.6083984375 0.3984375 0.5869140625 0.3984375 0.583984375 0.40234375 0.583984375 0.53515625 0.5849609375 0.5364583333333334 0.6064453125 0.5364583333333334 0.609375 0.5325520833333334 0.609375 0.3997395833333333 0.6083984375 0.3984375
0 0.701171875 0.49609375 0.69921875 0.4934895833333333 0.69921875 0.4440104166666667 0.697265625 0.44140625 0.697265625 0.4075520833333333 0.6962890625 0.40625 0.6728515625 0.40625 0.66796875 0.4153645833333333 0.66796875 0.4361979166666667 0.669921875 0.4388020833333333 0.669921875 0.48828125 0.671875 0.4908854166666667 0.671875 0.54296875 0.673828125 0.5455729166666666 0.6748046875 0.546875 0.6767578125 0.5442708333333334 0.6982421875 0.5442708333333334 0.701171875 0.5403645833333334 0.701171875 0.49609375
0 0.794921875 0.5325520833333334 0.794921875 0.5247395833333334 0.79296875 0.5221354166666666 0.79296875 0.5013020833333334 0.791015625 0.4986979166666667 0.791015625 0.48046875 0.7890625 0.4778645833333333 0.7890625 0.4596354166666667 0.787109375 0.45703125 0.787109375 0.4388020833333333 0.78515625 0.4361979166666667 0.78515625 0.4205729166666667 0.783203125 0.41796875 0.783203125 0.4049479166666667 0.7802734375 0.4010416666666667 0.7607421875 0.4010416666666667 0.751953125 0.4127604166666667 0.751953125 0.41796875 0.75390625 0.4205729166666667 0.75390625 0.4388020833333333 0.755859375 0.44140625 0.755859375 0.4622395833333333 0.7578125 0.46484375 0.7578125 0.4856770833333333 0.759765625 0.48828125 0.759765625 0.5065104166666666 0.76171875 0.5091145833333334 0.76171875 0.5299479166666666 0.763671875 0.5325520833333334 0.763671875 0.5377604166666666 0.7646484375 0.5390625 0.7802734375 0.5390625 0.7822265625 0.5364583333333334 0.7919921875 0.5364583333333334 0.794921875 0.5325520833333334
0 0.806640625 0.7669270833333334 0.806640625 0.73046875 0.8046875 0.7278645833333334 0.8046875 0.7044270833333334 0.802734375 0.7018229166666666 0.802734375 0.6783854166666666 0.80078125 0.67578125 0.80078125 0.6497395833333334 0.798828125 0.6471354166666666 0.798828125 0.6341145833333334 0.796875 0.6315104166666666 0.798828125 0.62890625 0.7939453125 0.6223958333333334 0.7763671875 0.6223958333333334 0.7744140625 0.625 0.7666015625 0.625 0.765625 0.6263020833333334 0.765625 0.6575520833333334 0.767578125 0.66015625 0.767578125 0.6861979166666666 0.76953125 0.6888020833333334 0.76953125 0.7096354166666666 0.771484375 0.7122395833333334 0.771484375 0.7330729166666666 0.7734375 0.7356770833333334 0.7734375 0.7669270833333334 0.779296875 0.76953125 0.7802734375 0.7708333333333334 0.7978515625 0.7708333333333334 0.7998046875 0.7682291666666666 0.8017578125 0.7708333333333334 0.806640625 0.7669270833333334
0 0.716796875 0.7721354166666666 0.716796875 0.73046875 0.71484375 0.7278645833333334 0.71484375 0.7044270833333334 0.712890625 0.7018229166666666 0.712890625 0.67578125 0.7109375 0.6731770833333334 0.7109375 0.6419270833333334 0.708984375 0.6393229166666666 0.708984375 0.62890625 0.7041015625 0.625 0.7021484375 0.625 0.7001953125 0.6276041666666666 0.6826171875 0.6276041666666666 0.6796875 0.6315104166666666 0.6796875 0.6627604166666666 0.681640625 0.6653645833333334 0.681640625 0.6940104166666666 0.68359375 0.6966145833333334 0.68359375 0.72265625 0.685546875 0.7252604166666666 0.685546875 0.76953125 0.6884765625 0.7734375 0.6923828125 0.7734375 0.693359375 0.7747395833333334 0.6943359375 0.7760416666666666 0.6982421875 0.7760416666666666 0.7001953125 0.7734375 0.7158203125 0.7734375 0.716796875 0.7721354166666666
0 0.6083984375 0.6302083333333334 0.6064453125 0.6276041666666666 0.5908203125 0.6276041666666666 0.587890625 0.6315104166666666 0.587890625 0.7747395833333334 0.5888671875 0.7760416666666666 0.6083984375 0.7760416666666666 0.609375 0.77734375 0.6103515625 0.7786458333333334 0.615234375 0.7747395833333334 0.615234375 0.6341145833333334 0.6123046875 0.6302083333333334 0.6083984375 0.6302083333333334
0 0.5205078125 0.6302083333333334 0.4970703125 0.6302083333333334 0.49609375 0.6315104166666666 0.49609375 0.7747395833333334 0.4970703125 0.7760416666666666 0.5185546875 0.7760416666666666 0.521484375 0.7721354166666666 0.521484375 0.6315104166666666 0.5205078125 0.6302083333333334
0 0.435546875 0.73046875 0.435546875 0.6809895833333334 0.4375 0.6783854166666666 0.4375 0.6419270833333334 0.439453125 0.6393229166666666 0.439453125 0.62890625 0.4384765625 0.6276041666666666 0.4287109375 0.6276041666666666 0.4267578125 0.625 0.4150390625 0.625 0.4140625 0.6263020833333334 0.4140625 0.6341145833333334 0.412109375 0.63671875 0.412109375 0.6731770833333334 0.41015625 0.67578125 0.41015625 0.7122395833333334 0.408203125 0.71484375 0.408203125 0.7513020833333334 0.40625 0.75390625 0.40625 0.76953125 0.4072265625 0.7708333333333334 0.4130859375 0.7708333333333334 0.4140625 0.7721354166666666 0.4150390625 0.7734375 0.4306640625 0.7734375 0.43359375 0.7669270833333334 0.43359375 0.7330729166666666 0.435546875 0.73046875
0 0.34375 0.76953125 0.34375 0.7486979166666666 0.345703125 0.74609375 0.345703125 0.71484375 0.34765625 0.7122395833333334 0.34765625 0.68359375 0.349609375 0.6809895833333334 0.349609375 0.6549479166666666 0.3515625 0.65234375 0.3515625 0.62890625 0.3466796875 0.625 0.3251953125 0.625 0.322265625 0.62890625 0.322265625 0.65234375 0.3203125 0.6549479166666666 0.3203125 0.6809895833333334 0.318359375 0.68359375 0.318359375 0.7096354166666666 0.31640625 0.7122395833333334 0.31640625 0.73828125 0.314453125 0.7408854166666666 0.314453125 0.76953125 0.3154296875 0.7708333333333334 0.3291015625 0.7708333333333334 0.330078125 0.7721354166666666 0.3310546875 0.7734375 0.3369140625 0.7734375 0.3388671875 0.7708333333333334 0.3427734375 0.7708333333333334 0.34375 0.76953125
0 0.2578125 0.7669270833333334 0.2578125 0.72265625 0.259765625 0.7200520833333334 0.259765625 0.67578125 0.26171875 0.6731770833333334 0.26171875 0.63671875 0.263671875 0.6341145833333334 0.2607421875 0.6276041666666666 0.2587890625 0.6276041666666666 0.2568359375 0.625 0.2333984375 0.625 0.23046875 0.62890625 0.23046875 0.66015625 0.228515625 0.6627604166666666 0.228515625 0.6861979166666666 0.2265625 0.6888020833333334 0.2265625 0.73046875 0.224609375 0.7330729166666666 0.224609375 0.76953125 0.2255859375 0.7708333333333334 0.2373046875 0.7708333333333334 0.23828125 0.7721354166666666 0.2392578125 0.7734375 0.2431640625 0.7734375 0.2451171875 0.7708333333333334 0.2548828125 0.7708333333333334 0.2578125 0.7669270833333334