0 0.38359375 0.55078125 0.471875 0.396875 0.4234375 0.36953125 0.41640625 0.3703125 0.334375 0.51015625 0.33046875 0.5234375 0.3359375 0.52890625 0.375 0.55078125 0.38359375 0.55078125
0 0.4515625 0.3890625 0.4875 0.41640625 0.515625 0.43203125 0.5453125 0.44375 0.56484375 0.446875 0.571875 0.4453125 0.58203125 0.4296875 0.5859375 0.40546875 0.578125 0.39921875 0.4296875 0.3453125 0.41953125 0.34921875 0.415625 0.35703125 0.41484375 0.36953125 0.41796875 0.37421875 0.4296875 0.3765625 0.4515625 0.3890625
0 0.65390625 0.5234375 0.6609375 0.51171875 0.68515625 0.4328125 0.696875 0.38984375 0.69609375 0.38046875 0.6828125 0.37109375 0.6625 0.3625 0.646875 0.36171875 0.64140625 0.36640625 0.6140625 0.4484375 0.5984375 0.4859375 0.59296875 0.50234375 0.5953125 0.5109375 0.6421875 0.53046875 0.65390625 0.5234375
0 0.64375 0.54921875 0.63671875 0.528125 0.6015625 0.51484375 0.5890625 0.5046875 0.465625 0.53203125 0.4671875 0.5609375 0.475 0.5890625 0.61953125 0.5578125 0.64375 0.54921875
0 0.2921875 0.6328125 0.2921875 0.646875 0.30703125 0.6921875 0.31484375 0.69296875 0.3359375 0.6859375 0.48515625 0.63203125 0.4875 0.6265625 0.47265625 0.58203125 0.4671875 0.575 0.46328125 0.575 0.43125 0.58828125 0.40078125 0.5953125 0.2921875 0.6328125
2 0.29453125 0.16171875 0.31328125 0.17734375 0.32265625 0.17578125 0.365625 0.13359375 0.38046875 0.121875 0.3875 0.12265625 0.39765625 0.1125 0.39375 0.08984375 0.37734375 0.075 0.3703125 0.0734375 0.2890625 0.134375 0.28828125 0.14609375 0.29453125 0.16171875
1 0.4625 0.08828125 0.47890625 0.096875 0.48828125 0.0984375 0.49375 0.07734375 0.49375 0.06328125 0.4609375 0.05390625 0.4515625 0.08125 0.45234375 0.0890625 0.4625 0.08828125
4 0.525 0.26953125 0.52890625 0.253125 0.503125 0.2359375 0.48515625 0.25546875 0.4828125 0.2625 0.4828125 0.275 0.50234375 0.29140625 0.50703125 0.2921875 0.525 0.26953125
3 0.3640625 0.2 0.40390625 0.16484375 0.40625 0.14609375 0.40390625 0.13984375 0.38984375 0.1265625 0.37890625 0.12265625 0.34296875 0.15234375 0.3375 0.1578125 0.33984375 0.178125 0.36015625 0.19921875 0.3640625 0.2
3 0.446875 0.13359375 0.44453125 0.12421875 0.421875 0.1171875 0.415625 0.1171875 0.4125 0.1203125 0.40703125 0.1421875 0.40546875 0.1703125 0.40546875 0.21015625 0.43671875 0.2171875 0.4421875 0.15390625 0.446875 0.13359375
3 0.4671875 0.165625 0.46796875 0.14921875 0.4890625 0.1015625 0.46015625 0.08828125 0.44609375 0.11953125 0.4484375 0.1375 0.44375 0.1875 0.45625 0.19140625 0.4671875 0.165625
3 0.40859375 0.11328125 0.4109375 0.1078125 0.43046875 0.10078125 0.45078125 0.08828125 0.4546875 0.06328125 0.44375 0.04921875 0.43359375 0.0421875 0.3921875 0.06796875 0.3890625 0.07109375 0.3890625 0.08515625 0.403125 0.11015625 0.40859375 0.11328125
0 0.4453125 0.94921875 0.45234375 0.8796875 0.45703125 0.7453125 0.4546875 0.7421875 0.4421875 0.73984375 0.3984375 0.740625 0.3921875 0.74296875 0.390625 0.75390625 0.37890625 0.95 0.38828125 0.95390625 0.4421875 0.95390625 0.4453125 0.94921875