4 0.40746464062500004 0.176795375 0.4129497765625 0.2036243921875 0.432220646875 0.22721528124999998 0.46292582031249996 0.2133804234375 0.463535275 0.1889904078125 0.442813503125 0.16155161406250002 0.40746464062500004 0.176795375
3 0.3404909859375 0.18390863125 0.3490234859375 0.2802491828125 0.3557275765625 0.297322190625 0.3932757765625 0.2945211828125 0.389857575 0.2741516796875 0.382543984375 0.18573786718750002 0.379496665625 0.18085987812499998 0.3404909859375 0.18390863125
3 0.2172241421875 0.27038579218750003 0.23143750000000002 0.2907001578125 0.3395897796875 0.27847594375 0.3370225171875 0.24736283124999997 0.32687011093749996 0.2273870390625 0.2162088921875 0.23618993281249998 0.2172241421875 0.27038579218750003
3 0.25216288124999997 0.22309845468749998 0.25859274375 0.23427135312499997 0.27652864374999997 0.2295313421875 0.328305921875 0.22716135624999997 0.33112803749999997 0.23193636093749997 0.3350741921875 0.23054708437500002 0.32187605937499997 0.1767139828125 0.2491171546875 0.1882254625 0.25216288124999997 0.22309845468749998
3 0.3486107328125 0.180438290625 0.3584247296875 0.1293138015625 0.3533485265625 0.1066294234375 0.317138265625 0.10121225781250001 0.3032633171875 0.1580924796875 0.3110468375 0.17908399375 0.32187605937499997 0.1767139828125 0.3239355578125 0.1849736890625 0.3408272109375 0.1875483140625 0.3421808703125 0.18280830312500002 0.34624182187499997 0.18280830312500002 0.3486107328125 0.180438290625
0 0.7436216875 0.711766075 0.7303507171875 0.7099347328125 0.5770486015625 0.87612833125 0.5862009671874999 0.8862006906250001 0.6417367765625 0.9475414828125001 0.79807823125 0.7697397125000001 0.7976205843749999 0.766992721875 0.7733668734375 0.73998053125 0.7436216875 0.711766075
0 0.49262545625 0.835392921875 0.558980103125 0.8944534296875 0.5576354609374999 0.8909018218750001 0.6958079671874999 0.69438015625 0.6363175953125 0.64722330625 0.62991093125 0.6495124734375 0.49262545625 0.835392921875
0 0.6445740140625 0.3766834265625 0.552249015625 0.5517312984375 0.5470839625 0.5659418078125 0.5820199328125 0.584552890625 0.5896955312500001 0.5749848796875 0.6826660984374999 0.3921858296875 0.6445740140625 0.3766834265625
0 0.5109287359375 0.3766834265625 0.45023957968749995 0.564649959375 0.44830272187500003 0.5730471109375 0.5166391203125 0.5910102546875 0.516739409375 0.5937169484375 0.5754916578125 0.39541549374999996 0.5109287359375 0.3766834265625
0 0.343123184375 0.344918896875 0.33635503437500003 0.3890938390625 0.321207240625 0.5483815875 0.3434454734375 0.55919390625 0.4010899015625 0.5585461625 0.4143499640625 0.3665227015625 0.41177163281249995 0.3491106765625 0.4079041015625 0.3468535625 0.343123184375 0.344918896875
0 0.41161382187499995 0.3476721359375 0.3429653734375 0.34541501874999997 0.3316851125 0.4350546765625 0.27173859375 0.5179657453125001 0.2756061140625 0.526994196875 0.3371641109375 0.5624631390625 0.34103161875 0.55891625 0.401945028125 0.5585937859375 0.4087456328125 0.45499229999999996 0.444165425 0.39779248125 0.44190938125 0.382960025 0.41515904218750005 0.3694173375 0.41161382187499995 0.3476721359375
1 0.42098252968749994 0.0660049625 0.38657799375 0.0675416015625 0.384120540625 0.10011834374999999 0.389468640625 0.127946121875 0.427187665625 0.1280261265625 0.4264876765625 0.09791199375000001 0.4257876875 0.06849817968750001 0.42098252968749994 0.0660049625
2 0.25263080625 0.21770841718749998 0.2489446171875 0.1888196 0.298708290625 0.178985125 0.3082309671875 0.173453215625 0.3027016828125 0.1565501875 0.3054663140625 0.1470230234375 0.28119885624999996 0.1239734390625 0.1764493546875 0.2008053875 0.189306453125 0.223329746875 0.2145587734375 0.2462482421875 0.21699755625 0.2435239578125 0.2157688171875 0.2358407609375 0.2295920640625 0.234304121875 0.25263080625 0.21770841718749998
3 0 0.2886020796875 0.018562500000000003 0.2907001578125 0.03277585625 0.27038579218750003 0.0337911078125 0.23618993281249998 0 0.23350191250000002 0 0.2886020796875
2 0 0.2196034890625 0.0204079359375 0.234304121875 0.03423118125 0.2358407609375 0.03300244375 0.2435239578125 0.0354412265625 0.2462482421875 0.060693546875000004 0.223329746875 0.0735506453125 0.2008053875 0 0.1468572609375 0 0.18861103125 0.0010553828125 0.1888196 0 0.1970906796875 0 0.2196034890625