0 0.4125 0.728125 0.2078125 0.09375
4 0.5640625 0.5578125 0.078125 0.071875
4 0.2390625 0.65 0.0734375 0.078125
0 0.3093464734375 0.671726934375 0.4213001390625 0.520685496875 0.3951558703125 0.4863618109375 0.36872919843749996 0.4754215015625 0.32146893906249996 0.5369067921874999 0.2773761890625 0.5962683281250001 0.25806688437499997 0.622653815625 0.27980496875 0.661131596875 0.3093464734375 0.671726934375
0 0.3460485453125 0.26968595781250004 0.3813981265625 0.4315313109375 0.4065622125 0.4411221375 0.45248726406250006 0.41512682968750003 0.4137519828125 0.25829681875 0.3879887171875 0.24391056562500002 0.3460485453125 0.26968595781250004
3 0.27528560625 0.35713440625000004 0.297488453125 0.4122233796875 0.325125271875 0.4266319140625 0.34562422187499997 0.40564824218749995 0.3232437546875 0.3539356921875 0.2971332 0.3350988171875 0.27528560625 0.35713440625000004
4 0.1766473921875 0.42890884218750003 0.1679438796875 0.454853971875 0.19352156250000002 0.4658717671875 0.21031749687499998 0.46638160937500006 0.2214083328125 0.4374387484375 0.1936991828125 0.42517701093750004 0.1759369046875 0.4253547140625 0.1766473921875 0.42890884218750003
0 0.2234623015625 0.4360119046875 0.2224702375 0.43675595312500004 0.22048611093749998 0.43675595312500004 0.21701388906250002 0.434523809375 0.19469246093749998 0.42559523749999995 0.1773313484375 0.42584325468750006 0.16840277812499999 0.450148809375 0.16840277812499999 0.455853175 0.1897321421875 0.46527777812500004 0.1922123015625 0.4670138890625 0.19345238125 0.46949404687499996 0.19593253906250002 0.47073412656249997 0.215277778125 0.478174603125 0.2517361109375 0.484623015625 0.2914186515625 0.49007936562500004 0.2988591265625 0.490575396875 0.30133928593750003 0.49032738125 0.30282738125 0.4890873015625 0.318204365625 0.446428571875 0.318700396875 0.44320436562500004 0.3179563484375 0.44146825468750006 0.3077876984375 0.434771825 0.2926587296875 0.428571428125 0.25099206406249996 0.424603175 0.2306547625 0.4236111109375 0.228174603125 0.424355159375 0.22569444375 0.42782738125 0.2234623015625 0.4360119046875
2 0.442108140625 0.432517253125 0.4535202390625 0.47076582499999997 0.48033865468750003 0.4810415 0.5938890921875 0.40796969843750003 0.5841887812500001 0.37200467187499997 0.56079394375 0.352594965625 0.442108140625 0.432517253125
3 0.6321196062500001 0.3508823484375 0.6520907796875 0.38970174218750003 0.6709207609375001 0.406827946875 0.79188899375 0.32918915000000004 0.7690647953124999 0.28294840625 0.7576526968749999 0.26582220156249997 0.6321196062500001 0.3508823484375
1 0.5392165109375 0.31833683125 0.5522068109375 0.354156228125 0.556008840625 0.3566921109375 0.576603225 0.3760282390625 0.6152310234375 0.34470261562500004 0.5956008374999999 0.302928978125 0.5788210953124999 0.2913930390625 0.576603225 0.290125096875 0.5392165109375 0.31833683125
0 0.40890920937499997 0.2560025640625 0.41714695781250005 0.2794595171875 0.42633522656249995 0.309890146875 0.5136646953125 0.240122853125 0.501742340625 0.2030659421875 0.48241530781249997 0.18436378281250002 0.39243368749999996 0.246176009375 0.40890920937499997 0.2560025640625
3 0.544712815625 0.29676936875000004 0.5546055703125 0.3068608421875 0.5759428890625 0.2899770265625 0.5864175609375 0.29832190937499997 0.5974575765625 0.28718009843750003 0.57031759375 0.2428557625 0.5487863015625 0.2210832703125 0.517362240625 0.2492229734375 0.544712815625 0.29676936875000004
0 0.7529069953125 0.49069895781249995 0.8738522890624999 0.5792801953125 0.875 0.4513024921875 0.81799000625 0.415736203125 0.7529069953125 0.49069895781249995
4 0.0234375 0.65 0.046875 0.078125
4 0.028591667187499996 0.4374387484375 0.039682503125000004 0.46638160937500006 0.0564784375 0.4658717671875 0.08205612031250001 0.454853971875 0.0733526078125 0.42890884218750003 0.07406309531250001 0.4253547140625 0.0563008171875 0.42517701093750004 0.028591667187499996 0.4374387484375
0 0 0.4843159484375 0.034722221875 0.478174603125 0.0540674609375 0.47073412656249997 0.056547618749999994 0.46949404687499996 0.0577876984375 0.4670138890625 0.060267857812500006 0.46527777812500004 0.081597221875 0.455853175 0.081597221875 0.450148809375 0.07266865156249999 0.42584325468750006 0.0553075390625 0.42559523749999995 0.0329861109375 0.434523809375 0.0295138890625 0.43675595312500004 0.0275297625 0.43675595312500004 0.0265376984375 0.4360119046875 0.02430555625 0.42782738125 0.021825396875 0.424355159375 0.0193452375 0.4236111109375 0 0.42455478125 0 0.4843159484375
3 1 0.271007603125 0.992347303125 0.26582220156249997 0.9809352046875001 0.28294840625 0.95811100625 0.32918915000000004 1 0.3560739859375 1 0.271007603125
0 0.8761477109375001 0.5792801953125 0.9970930046875001 0.49069895781249995 0.93200999375 0.415736203125 0.875 0.4513024921875 0.8761477109375001 0.5792801953125